   1.8344690e-04
   1.8344690e-04
   1.8344690e-04
   1.8344690e-04
   1.8344690e-04
   1.8344690e-04
   1.8344690e-04
   1.8344690e-04
   1.8344690e-04
   1.8344690e-04
  -4.4663067e-04
  -1.7623243e-01
   1.7824193e-01
  -5.2716637e-04
  -2.7598390e-01
   2.7837024e-01
   3.8508809e-04
  -3.0711682e-01
   3.0820914e-01
   4.1911249e-04
  -3.1333599e-01
   3.1386528e-01
   3.8782588e-04
   3.8782588e-04
  -2.7590276e-01
   2.7581445e-01
   2.9699663e-04
  -2.2737157e-01
   2.2658300e-01
   1.5998682e-04
   1.0054929e+00
  -9.5921009e-01
   1.8344690e-04
   1.8344690e-04
   1.8344690e-04
   1.8344690e-04
   1.8344690e-04
   1.8344690e-04
   1.8344690e-04
   1.8344690e-04
   1.8344690e-04
   1.8344690e-04
   1.8344690e-04
   1.8344690e-04
   1.8344690e-04
   1.8344690e-04
   1.8344690e-04
   1.8344690e-04
   1.8344690e-04
   1.8344690e-04
   1.8344690e-04
   1.8344690e-04
   1.8344690e-04
   1.8344690e-04
   1.8344690e-04
   1.8344690e-04
   1.8344690e-04
   1.8344690e-04
   1.8344690e-04
   1.8344690e-04
   1.8344690e-04
   1.8344690e-04
   1.8344690e-04
   1.8344690e-04
   1.8344690e-04
   1.8344690e-04
   1.8344690e-04
   1.8344690e-04
   1.8344690e-04
   1.8344690e-04
   1.8344690e-04
   1.8344690e-04
   1.8344690e-04
   1.8344690e-04
   1.8344690e-04
   1.8344690e-04
   1.8344690e-04
   1.8344690e-04
   1.8344690e-04
   1.8344690e-04
   1.8344690e-04
   1.8344690e-04
   1.8344690e-04
   1.8344690e-04
   1.8344690e-04
   1.8344690e-04
   1.7952381e-04
   1.9244910e-04
   1.7894580e-04
  -4.4663067e-04
  -1.7623243e-01
   1.7824193e-01
   2.9150124e-04
  -5.2716637e-04
  -2.7598390e-01
   2.7837024e-01
  -3.0711682e-01
   3.0820914e-01
   4.1911249e-04
  -4.9942409e-04
  -3.1153555e-01
   3.1296506e-01
  -2.7570422e-01
   2.7582345e-01
   2.9249553e-04
   2.9699663e-04
   2.9699663e-04
  -2.2737157e-01
   2.2658300e-01
   1.0077870e+00
  -9.5920109e-01
   1.7894580e-04
   1.8344690e-04
   1.8344690e-04
   1.8344690e-04
   1.8344690e-04
   1.8344690e-04
   1.8344690e-04
   1.8344690e-04
   1.8344690e-04
   1.8344690e-04
   1.8344690e-04
   1.7952381e-04
   1.9244910e-04
   1.7894580e-04
  -1.7766377e-01
   1.7895761e-01
   2.9150124e-04
  -2.7777534e-01
   2.7926595e-01
   3.8508809e-04
   3.8508809e-04
  -4.7870025e-04
  -3.0532539e-01
   3.0731342e-01
   4.1911249e-04
  -3.1333599e-01
   3.1386528e-01
  -2.7570422e-01
   2.7582345e-01
   2.9249553e-04
  -7.0643602e-04
  -2.2557113e-01
   2.2568278e-01
   1.5998682e-04
   1.0077870e+00
  -9.5920109e-01
   1.7894580e-04
   1.8344690e-04
   1.8344690e-04
   1.8344690e-04
   1.8344690e-04
   1.8344690e-04
   1.8344690e-04
   1.8344690e-04
   1.8344690e-04
   1.8344690e-04
   1.8344690e-04
   1.8344690e-04
   1.8344690e-04
   1.8344690e-04
   1.8344690e-04
   1.8344690e-04
   1.8344690e-04
   1.8344690e-04
   1.8344690e-04
   1.8344690e-04
   1.8344690e-04
   1.8344690e-04
   1.8344690e-04
   1.8344690e-04
   1.8344690e-04
   1.8344690e-04
   1.8344690e-04
   1.8344690e-04
   1.8344690e-04
   1.8344690e-04
   1.8344690e-04
   1.8344690e-04
   1.8344690e-04
   1.8344690e-04
   1.8344690e-04
   1.8344690e-04
   1.8344690e-04
   1.8344690e-04
   1.8344690e-04
   1.8344690e-04
   1.8344690e-04
   1.8344690e-04
   1.8344690e-04
   1.8344690e-04
   1.8344690e-04
   1.8344690e-04
   1.8344690e-04
   1.8344690e-04
   1.8344690e-04
   1.8344690e-04
   1.8344690e-04
   1.8344690e-04
   1.8344690e-04
   1.8344690e-04
   1.8344690e-04
   1.8344690e-04
   1.8344690e-04
   1.8344690e-04
   1.8344690e-04
   1.8344690e-04
   1.8344690e-04
   1.8344690e-04
   1.8344690e-04
   1.8344690e-04
  -4.4663067e-04
  -1.7623243e-01
   1.7824193e-01
  -2.2194691e-01
   2.7747452e-01
   1.2808068e-03
  -3.0711682e-01
   3.0820914e-01
   4.1911249e-04
   4.1911249e-04
  -3.1333599e-01
   3.1386528e-01
   3.8782588e-04
  -2.7590276e-01
   2.7581445e-01
   2.9699663e-04
  -2.2705026e-01
   2.2659200e-01
   1.5548572e-04
   5.5421943e-03
   9.9510433e-01
  -9.5401582e-01
   1.8344690e-04
   1.8344690e-04
   1.8344690e-04
   1.8344690e-04
   1.8344690e-04
   1.8344690e-04
   1.8344690e-04
   1.8344690e-04
   1.8344690e-04
   1.8344690e-04
   1.8344690e-04
   1.8344690e-04
   1.8344690e-04
   1.8344690e-04
   1.8344690e-04
   1.8344690e-04
   1.8344690e-04
  -1.7766377e-01
   1.7895761e-01
   2.9150124e-04
  -2.7777534e-01
   2.7926595e-01
   3.8508809e-04
  -2.7686624e-01
   3.0641770e-01
   1.3148312e-03
  -4.9942409e-04
  -3.1153555e-01
   3.1296506e-01
   3.8782588e-04
  -2.7590276e-01
   2.7581445e-01
   2.9699663e-04
  -2.2705026e-01
   2.2659200e-01
   1.5548572e-04
   5.5421943e-03
   9.9510433e-01
  -9.5401582e-01
   1.8344690e-04
   1.8344690e-04
   1.8344690e-04
   1.8344690e-04
   1.8344690e-04
   1.8344690e-04
   1.8344690e-04
   1.8344690e-04
   1.8344690e-04
   1.8344690e-04
   1.8344690e-04
   1.8344690e-04
   1.8344690e-04
   1.8344690e-04
   1.8344690e-04
   1.8344690e-04
   1.8344690e-04
   1.8344690e-04
   1.8344690e-04
   1.8344690e-04
   1.8344690e-04
   1.8344690e-04
   1.8344690e-04
   1.8344690e-04
   1.8344690e-04
   1.8344690e-04
   1.8344690e-04
   1.8344690e-04
   1.8344690e-04
   1.8344690e-04
   1.8344690e-04
   1.8344690e-04
   1.8344690e-04
   1.8344690e-04
   1.8344690e-04
   1.8344690e-04
   1.8344690e-04
   1.8344690e-04
   1.8344690e-04
   1.8344690e-04
   1.8344690e-04
   1.8344690e-04
   1.8344690e-04
   1.8344690e-04
   1.8344690e-04
   1.8344690e-04
   1.8344690e-04
   1.8344690e-04
   1.8344690e-04
   1.8344690e-04
   1.8344690e-04
   1.8344690e-04
   1.8344690e-04
   1.8344690e-04
   1.8344690e-04
   1.8344690e-04
   1.8344690e-04
   1.8344690e-04
   1.8344690e-04
   1.8344690e-04
   1.8344690e-04
   1.8344690e-04
   1.8344690e-04
   1.8344690e-04
   1.8344690e-04
   1.8344690e-04
   1.8344690e-04
   1.8344690e-04
   1.8344690e-04
   1.8344690e-04
   1.8344690e-04
   1.8344690e-04
   1.7952381e-04
   1.9244910e-04
   1.7894580e-04
   1.8344690e-04
  -1.7766377e-01
   1.7895761e-01
   2.9150124e-04
  -2.7777534e-01
   2.7926595e-01
   3.8508809e-04
   3.8508809e-04
  -3.0711682e-01
   3.0820914e-01
   4.1911249e-04
  -3.1333599e-01
   3.1386528e-01
   3.8782588e-04
  -5.7361284e-04
  -2.7411132e-01
   2.7491873e-01
  -2.7979358e-01
   2.2479156e-01
   1.0557055e-03
   1.2703784e+00
  -9.4881255e-01
  -5.0153223e-03
   1.8344690e-04
   1.8344690e-04
   1.8344690e-04
   1.8344690e-04
   1.8344690e-04
   1.8344690e-04
   1.8344690e-04
   1.8344690e-04
   1.8344690e-04
   1.8344690e-04
   1.7952381e-04
   1.9244910e-04
   1.7894580e-04
  -1.7766377e-01
   1.7895761e-01
   2.9150124e-04
  -2.7777534e-01
   2.7926595e-01
   3.8508809e-04
   3.8508809e-04
  -3.0711682e-01
   3.0820914e-01
   4.1911249e-04
  -3.1333599e-01
   3.1386528e-01
   3.8782588e-04
   3.8782588e-04
  -2.7590276e-01
   2.7581445e-01
   2.9699663e-04
  -7.0136492e-04
  -2.2558013e-01
   2.2568728e-01
   1.2703784e+00
  -9.4881255e-01
  -5.0153223e-03
   1.8344690e-04
   1.8344690e-04
   1.8344690e-04
   1.8344690e-04
   1.8344690e-04
   1.8344690e-04
   1.8344690e-04
   1.8344690e-04
   1.8344690e-04
   1.8344690e-04
   1.8344690e-04
   1.8344690e-04
   1.8344690e-04
   1.8344690e-04
   1.8344690e-04
   1.8344690e-04
   1.8344690e-04
   1.8344690e-04
   1.8344690e-04
   1.8344690e-04
   1.8344690e-04
   1.8344690e-04
   1.8344690e-04
   1.8344690e-04
   1.8344690e-04
   1.8344690e-04
   1.8344690e-04
   1.8344690e-04
   1.8344690e-04
   1.8344690e-04
   1.8344690e-04
   1.8344690e-04
   1.8344690e-04
   1.8344690e-04
   1.8344690e-04
   1.8344690e-04
   1.8344690e-04
   1.8344690e-04
   1.8344690e-04
   1.8344690e-04
   1.8344690e-04
   1.8344690e-04
   1.8344690e-04
   1.8344690e-04
   1.8344690e-04
   1.8344690e-04
   1.8344690e-04
   1.8344690e-04
   1.8344690e-04
   1.8344690e-04
   1.8344690e-04
   1.8344690e-04
   1.8344690e-04
   1.8344690e-04
   1.8344690e-04
   1.8344690e-04
  -1.7766377e-01
   1.7895761e-01
   2.9150124e-04
   2.9150124e-04
  -5.2716637e-04
  -2.7598390e-01
   2.7837024e-01
  -4.7870025e-04
  -3.0532539e-01
   3.0731342e-01
  -3.1333599e-01
   3.1386528e-01
   3.8782588e-04
   3.8782588e-04
  -2.7590276e-01
   2.7581445e-01
   2.9699663e-04
  -2.7979358e-01
   2.2479156e-01
   1.0557055e-03
   1.0077870e+00
  -9.5920109e-01
   1.7894580e-04
   1.8344690e-04
   1.8344690e-04
   1.8344690e-04
   1.8344690e-04
   1.8344690e-04
   1.8344690e-04
   1.8344690e-04
   1.8344690e-04
   1.8344690e-04
   1.8344690e-04
   1.8344690e-04
   1.8344690e-04
   1.8344690e-04
   1.7952381e-04
   1.9244910e-04
   1.7894580e-04
   1.8344690e-04
  -1.7766377e-01
   1.7895761e-01
   2.9150124e-04
  -2.7777534e-01
   2.7926595e-01
   3.8508809e-04
   3.8508809e-04
  -3.0711682e-01
   3.0820914e-01
   4.1911249e-04
  -3.1333599e-01
   3.1386528e-01
   3.8782588e-04
  -3.0201604e-01
   2.7402301e-01
   1.1927153e-03
  -7.0643602e-04
  -2.2557113e-01
   2.2568278e-01
   1.5998682e-04
   1.0054929e+00
  -9.5921009e-01
   1.8344690e-04
   1.8344690e-04
   1.8344690e-04
   1.8344690e-04
   1.8344690e-04
   1.8344690e-04
   1.8344690e-04
   1.8344690e-04
   1.8344690e-04
   1.8344690e-04
   1.8344690e-04
   1.8344690e-04
   1.8344690e-04
   1.8344690e-04
   1.8344690e-04
   1.8344690e-04
   1.8344690e-04
   1.8344690e-04
   1.8344690e-04
   1.8344690e-04
   1.8344690e-04
   1.8344690e-04
   1.8344690e-04
   1.8344690e-04
   1.8344690e-04
   1.8344690e-04
   1.8344690e-04
   1.8344690e-04
   1.8344690e-04
   1.8344690e-04
   1.8344690e-04
   1.8344690e-04
   1.8344690e-04
   1.8344690e-04
   1.8344690e-04
   1.8344690e-04
   1.8344690e-04
   1.8344690e-04
   1.8344690e-04
   1.8344690e-04
   1.8344690e-04
   1.8344690e-04
   1.8344690e-04
   1.8344690e-04
   1.8344690e-04
   1.8344690e-04
   1.8344690e-04
   1.8344690e-04
   1.8344690e-04
   1.8344690e-04
   1.8344690e-04
   1.8344690e-04
   1.8344690e-04
   1.8344690e-04
   1.8344690e-04
   1.8344690e-04
   1.8344690e-04
   1.8344690e-04
   1.8344690e-04
   1.8344690e-04
   1.8344690e-04
   1.8344690e-04
   1.8344690e-04
   1.8344690e-04
   1.8344690e-04
   1.8344690e-04
   1.8344690e-04
   1.8344690e-04
   1.8344690e-04
   1.8344690e-04
   1.8344690e-04
  -1.7766377e-01
   1.7895761e-01
   2.9150124e-04
  -2.2194691e-01
   2.7747452e-01
   1.2808068e-03
  -4.7870025e-04
  -3.0532539e-01
   3.0731342e-01
   4.1911249e-04
  -3.1333599e-01
   3.1386528e-01
   3.8782588e-04
  -2.7590276e-01
   2.7581445e-01
   2.9699663e-04
  -2.2705026e-01
   2.2659200e-01
   1.5548572e-04
   5.5421943e-03
   9.9510433e-01
  -9.5401582e-01
   1.8344690e-04
   1.8344690e-04
   1.8344690e-04
   1.8344690e-04
   1.8344690e-04
   1.8344690e-04
   1.8344690e-04
   1.8344690e-04
   1.8344690e-04
   1.8344690e-04
   1.8344690e-04
   1.8344690e-04
   1.8344690e-04
   1.8344690e-04
   1.8344690e-04
  -1.7766377e-01
   1.7895761e-01
   2.9150124e-04
  -2.7777534e-01
   2.7926595e-01
   3.8508809e-04
  -3.0711682e-01
   3.0820914e-01
   4.1911249e-04
  -4.9942409e-04
  -3.1153555e-01
   3.1296506e-01
   3.8782588e-04
  -2.7590276e-01
   2.7581445e-01
   2.9699663e-04
  -2.2705026e-01
   2.2659200e-01
   1.5548572e-04
   1.0077870e+00
  -9.5920109e-01
   1.7894580e-04
   1.8344690e-04
   1.8344690e-04
   1.8344690e-04
   1.8344690e-04
   1.8344690e-04
   1.8344690e-04
   1.8344690e-04
   1.8344690e-04
   1.8344690e-04
   1.8344690e-04
   1.8344690e-04
   1.8344690e-04
   1.8344690e-04
   1.8344690e-04
   1.8344690e-04
   1.8344690e-04
   1.8344690e-04
   1.8344690e-04
   1.8344690e-04
   1.8344690e-04
   1.8344690e-04
   1.8344690e-04
   1.8344690e-04
   1.8344690e-04
   1.8344690e-04
   1.8344690e-04
   1.8344690e-04
   1.8344690e-04
   1.8344690e-04
   1.8344690e-04
   1.8344690e-04
   1.8344690e-04
   1.8344690e-04
   1.8344690e-04
   1.8344690e-04
   1.8344690e-04
   1.8344690e-04
   1.8344690e-04
   1.8344690e-04
   1.8344690e-04
   1.8344690e-04
   1.8344690e-04
   1.8344690e-04
   1.8344690e-04
   1.8344690e-04
   1.8344690e-04
   1.8344690e-04
   1.8344690e-04
   1.8344690e-04
   1.8344690e-04
   1.8344690e-04
   1.8344690e-04
   1.8344690e-04
   1.8344690e-04
   1.8344690e-04
   1.8344690e-04
   1.8344690e-04
   1.7952381e-04
   1.9244910e-04
   1.7894580e-04
   1.8344690e-04
  -1.7766377e-01
   1.7895761e-01
   2.9150124e-04
  -2.2194691e-01
   2.7747452e-01
   1.2808068e-03
  -4.7870025e-04
   1.3127371e-03
  -3.0622111e-01
   3.0731342e-01
  -3.1333599e-01
   3.1386528e-01
   3.8782588e-04
  -3.0201604e-01
   2.7402301e-01
   1.1927153e-03
   2.9699663e-04
  -2.2705026e-01
   2.2659200e-01
   1.5548572e-04
   1.2703784e+00
  -9.4881255e-01
  -5.0153223e-03
   1.8344690e-04
   1.8344690e-04
   1.8344690e-04
   1.8344690e-04
   1.8344690e-04
   1.8344690e-04
   1.8344690e-04
   1.8344690e-04
   1.8344690e-04
   1.8344690e-04
   1.8344690e-04
   1.8344690e-04
   1.8344690e-04
   1.7952381e-04
   1.9244910e-04
   1.7894580e-04
  -1.7766377e-01
   1.7895761e-01
   2.9150124e-04
   2.9150124e-04
  -2.7777534e-01
   2.7926595e-01
   3.8508809e-04
  -4.7870025e-04
  -3.0532539e-01
   3.0731342e-01
  -3.1333599e-01
   3.1386528e-01
   3.8782588e-04
  -3.0201604e-01
   2.7402301e-01
   1.1927153e-03
  -2.2705026e-01
   2.2659200e-01
   1.5548572e-04
   1.5998682e-04
   1.0054929e+00
  -9.5921009e-01
   1.8344690e-04
   1.8344690e-04
   1.8344690e-04
   1.8344690e-04
   1.8344690e-04
   1.8344690e-04
   1.8344690e-04
   1.8344690e-04
   1.8344690e-04
   1.8344690e-04
   1.8344690e-04
   1.8344690e-04
   1.8344690e-04
   1.8344690e-04
   1.8344690e-04
   1.8344690e-04
   1.8344690e-04
   1.8344690e-04
   1.8344690e-04
   1.8344690e-04
   1.8344690e-04
   1.8344690e-04
   1.8344690e-04
   1.8344690e-04
   1.8344690e-04
   1.8344690e-04
   1.8344690e-04
   1.8344690e-04
   1.8344690e-04
   1.8344690e-04
   1.8344690e-04
   1.8344690e-04
   1.8344690e-04
   1.8344690e-04
   1.8344690e-04
   1.8344690e-04
   1.8344690e-04
   1.8344690e-04
   1.8344690e-04
   1.8344690e-04
   1.8344690e-04
   1.8344690e-04
   1.8344690e-04
   1.8344690e-04
   1.8344690e-04
   1.8344690e-04
   1.8344690e-04
   1.8344690e-04
   1.8344690e-04
   1.8344690e-04
   1.8344690e-04
   1.8344690e-04
   1.8344690e-04
   1.8344690e-04
   1.8344690e-04
   1.8344690e-04
   1.8344690e-04
   1.8344690e-04
   1.7952381e-04
   1.9244910e-04
   1.7894580e-04
  -4.4663067e-04
  -1.7623243e-01
   1.7824193e-01
  -2.7777534e-01
   2.7926595e-01
   3.8508809e-04
  -3.0711682e-01
   3.0820914e-01
   4.1911249e-04
   4.1911249e-04
  -3.1333599e-01
   3.1386528e-01
   3.8782588e-04
  -2.7590276e-01
   2.7581445e-01
   2.9699663e-04
  -2.2737157e-01
   2.2658300e-01
   1.5998682e-04
   5.5421943e-03
   9.9510433e-01
  -9.5401582e-01
   1.8344690e-04
   1.8344690e-04
   1.8344690e-04
   1.8344690e-04
   1.8344690e-04
   1.8344690e-04
   1.8344690e-04
   1.8344690e-04
   1.8344690e-04
   1.8344690e-04
   1.8344690e-04
   1.8344690e-04
   1.8344690e-04
   1.8344690e-04
   1.8344690e-04
  -1.7766377e-01
   1.7895761e-01
   2.9150124e-04
  -2.7777534e-01
   2.7926595e-01
   3.8508809e-04
  -3.0711682e-01
   3.0820914e-01
   4.1911249e-04
   4.1911249e-04
  -3.1333599e-01
   3.1386528e-01
   3.8782588e-04
  -2.7590276e-01
   2.7581445e-01
   2.9699663e-04
  -2.2737157e-01
   2.2658300e-01
   1.5998682e-04
   5.5421943e-03
   9.9510433e-01
  -9.5401582e-01
   1.8344690e-04
   1.8344690e-04
   1.8344690e-04
   1.8344690e-04
   1.8344690e-04
   1.8344690e-04
   1.8344690e-04
   1.8344690e-04
   1.8344690e-04
   1.8344690e-04
   1.8344690e-04
   1.8344690e-04
   1.8344690e-04
   1.8344690e-04
   1.8344690e-04
   1.8344690e-04
   1.8344690e-04
   1.8344690e-04
   1.8344690e-04
   1.8344690e-04
   1.8344690e-04
   1.8344690e-04
   1.8344690e-04
   1.8344690e-04
   1.8344690e-04
   1.8344690e-04
   1.8344690e-04
   1.8344690e-04
   1.8344690e-04
   1.8344690e-04
   1.8344690e-04
   1.8344690e-04
   1.8344690e-04
   1.8344690e-04
   1.8344690e-04
   1.8344690e-04
   1.8344690e-04
   1.8344690e-04
   1.8344690e-04
   1.8344690e-04
   1.8344690e-04
   1.8344690e-04
   1.8344690e-04
   1.8344690e-04
   1.8344690e-04
   1.8344690e-04
   1.8344690e-04
   1.8344690e-04
   1.8344690e-04
   1.8344690e-04
   1.8344690e-04
   1.8344690e-04
   1.8344690e-04
   1.8344690e-04
   1.8344690e-04
   1.8344690e-04
   1.8344690e-04
   1.7952381e-04
   1.9244910e-04
   1.7894580e-04
  -4.4663067e-04
  -1.7623243e-01
   1.7824193e-01
   2.9150124e-04
  -2.7777534e-01
   2.7926595e-01
   3.8508809e-04
  -3.0711682e-01
   3.0820914e-01
   4.1911249e-04
  -3.1333599e-01
   3.1386528e-01
   3.8782588e-04
  -5.7852581e-04
  -2.7410232e-01
   2.7491423e-01
   2.9699663e-04
  -2.2737157e-01
   2.2658300e-01
   1.5998682e-04
   1.0054929e+00
  -9.5921009e-01
   1.8344690e-04
   1.8344690e-04
   1.8344690e-04
   1.8344690e-04
   1.8344690e-04
   1.8344690e-04
   1.8344690e-04
   1.8344690e-04
   1.8344690e-04
   1.8344690e-04
   1.8344690e-04
   1.8344690e-04
   1.7952381e-04
   1.9244910e-04
   1.7894580e-04
  -1.7766377e-01
   1.7895761e-01
   2.9150124e-04
   2.9150124e-04
  -2.7777534e-01
   2.7926595e-01
   3.8508809e-04
  -2.7686624e-01
   3.0641770e-01
   1.3148312e-03
  -3.1333599e-01
   3.1386528e-01
   3.8782588e-04
  -2.7570422e-01
   2.7582345e-01
   2.9249553e-04
   2.9699663e-04
  -2.2737157e-01
   2.2658300e-01
   1.5998682e-04
   1.0077870e+00
  -9.5920109e-01
   1.7894580e-04
   1.8344690e-04
   1.8344690e-04
   1.8344690e-04
   1.8344690e-04
   1.8344690e-04
   1.8344690e-04
   1.8344690e-04
   1.8344690e-04
   1.8344690e-04
   1.8344690e-04
   1.8344690e-04
   1.8344690e-04
   1.8344690e-04
   1.8344690e-04
   1.8344690e-04
   1.8344690e-04
   1.8344690e-04
   1.8344690e-04
   1.8344690e-04
   1.8344690e-04
   1.8344690e-04
   1.8344690e-04
   1.8344690e-04
   1.8344690e-04
   1.8344690e-04
   1.8344690e-04
   1.8344690e-04
   1.8344690e-04
   1.8344690e-04
   1.8344690e-04
   1.8344690e-04
   1.8344690e-04
   1.8344690e-04
   1.8344690e-04
   1.8344690e-04
   1.8344690e-04
   1.8344690e-04
   1.8344690e-04
   1.8344690e-04
   1.8344690e-04
   1.8344690e-04
   1.8344690e-04
   1.8344690e-04
   1.8344690e-04
   1.8344690e-04
   1.8344690e-04
   1.8344690e-04
   1.8344690e-04
   1.8344690e-04
   1.8344690e-04
   1.8344690e-04
   1.8344690e-04
   1.8344690e-04
   1.8344690e-04
   1.8344690e-04
   1.8344690e-04
   1.8344690e-04
   1.8344690e-04
   1.8344690e-04
   1.8344690e-04
   1.8344690e-04
   1.8344690e-04
   1.8344690e-04
   1.8344690e-04
   1.8344690e-04
   1.8344690e-04
   1.8344690e-04
   1.8344690e-04
   1.8344690e-04
   1.8344690e-04
   1.8344690e-04
   1.8344690e-04
   1.8344690e-04
   1.8344690e-04
   1.8344690e-04
   1.8344690e-04
   1.8344690e-04
   1.8344690e-04
   1.8344690e-04
   1.8344690e-04
   1.8344690e-04
   1.8344690e-04
   1.8344690e-04
   1.8344690e-04
   1.8344690e-04
   1.8344690e-04
   1.8344690e-04
   1.8344690e-04
   1.8344690e-04
   1.8344690e-04
   1.8344690e-04
   1.8344690e-04
   1.8344690e-04
   1.8344690e-04
   1.8344690e-04
   1.8344690e-04
   1.8344690e-04
   1.8344690e-04
   1.8344690e-04
   1.8344690e-04
   1.8344690e-04
   1.8344690e-04
   1.8344690e-04
   1.8344690e-04
   1.8344690e-04
   1.8344690e-04
   1.8344690e-04
   1.8344690e-04
   1.8344690e-04
   1.8344690e-04
   1.8344690e-04
   1.8344690e-04
   1.8344690e-04
   1.8344690e-04
   1.8344690e-04
   1.8344690e-04
   1.8344690e-04
   1.8344690e-04
   1.8344690e-04
   1.8344690e-04
   1.8344690e-04
   1.8344690e-04
   1.8344690e-04
   1.8344690e-04
   1.8344690e-04
   1.8344690e-04
   1.8344690e-04
   1.8344690e-04
   1.8344690e-04
   1.8344690e-04
   1.8344690e-04
   1.8344690e-04
   1.8344690e-04
   1.8344690e-04
   1.8344690e-04
   1.8344690e-04
   1.8344690e-04
   1.8344690e-04
   1.8344690e-04
   1.8344690e-04
   1.8344690e-04
   1.8344690e-04
   1.8344690e-04
   1.8344690e-04
   1.8344690e-04
   1.8344690e-04
   1.8344690e-04
   1.8344690e-04
   1.8344690e-04
   1.8344690e-04
   1.8344690e-04
   1.8344690e-04
   1.8344690e-04
   1.8344690e-04
   1.8344690e-04
   1.8344690e-04
   1.8344690e-04
   1.8344690e-04
   1.8344690e-04
   1.8344690e-04
   1.8344690e-04
   1.8344690e-04
   1.8344690e-04
   1.8344690e-04
   1.8344690e-04
   1.8344690e-04
   1.8344690e-04
   1.8344690e-04
   1.8344690e-04
   1.8344690e-04
   1.8344690e-04
   1.8344690e-04
   1.8344690e-04
   1.8344690e-04
   1.8344690e-04
   1.8344690e-04
   1.8344690e-04
   1.8344690e-04
   1.8344690e-04
   1.8344690e-04
   1.8344690e-04
   1.8344690e-04
   1.8344690e-04
   1.8344690e-04
  -1.7766377e-01
   1.7895761e-01
   2.9150124e-04
  -2.7777534e-01
   2.7926595e-01
   3.8508809e-04
  -3.0711682e-01
   3.0820914e-01
   4.1911249e-04
  -3.1333599e-01
   3.1386528e-01
   3.8782588e-04
   3.8782588e-04
  -2.7590276e-01
   2.7581445e-01
   2.9699663e-04
  -2.2705026e-01
   2.2659200e-01
   1.5548572e-04
   1.5998682e-04
   1.0054929e+00
  -9.5921009e-01
   1.8344690e-04
   1.8344690e-04
   1.8344690e-04
   1.8344690e-04
   1.8344690e-04
   1.8344690e-04
   1.8344690e-04
   1.8344690e-04
   1.8344690e-04
   1.8344690e-04
   1.8344690e-04
   1.8344690e-04
   1.8344690e-04
   1.8344690e-04
   1.8344690e-04
   1.8344690e-04
   1.8344690e-04
   1.8344690e-04
   1.8344690e-04
  -1.7766377e-01
   1.7895761e-01
   2.9150124e-04
  -2.2194691e-01
   2.7747452e-01
   1.2808068e-03
   3.8508809e-04
  -3.0711682e-01
   3.0820914e-01
   4.1911249e-04
   4.1911249e-04
  -3.1333599e-01
   3.1386528e-01
  -2.7570422e-01
   2.7582345e-01
   2.9249553e-04
   2.9699663e-04
  -2.2737157e-01
   2.2658300e-01
   1.5998682e-04
   1.0054929e+00
  -9.5921009e-01
   1.8344690e-04
   1.8344690e-04
   1.8344690e-04
   1.8344690e-04
   1.8344690e-04
   1.8344690e-04
   1.8344690e-04
   1.8344690e-04
   1.8344690e-04
   1.8344690e-04
   1.8344690e-04
   1.8344690e-04
   1.8344690e-04
   1.8344690e-04
   1.8344690e-04
   1.8344690e-04
   1.8344690e-04
   1.8344690e-04
   1.8344690e-04
   1.8344690e-04
   1.8344690e-04
   1.8344690e-04
   1.8344690e-04
   1.8344690e-04
   1.8344690e-04
   1.8344690e-04
   1.8344690e-04
   1.8344690e-04
   1.8344690e-04
   1.8344690e-04
   1.8344690e-04
   1.8344690e-04
   1.8344690e-04
   1.8344690e-04
   1.8344690e-04
   1.8344690e-04
   1.8344690e-04
   1.8344690e-04
   1.8344690e-04
   1.8344690e-04
   1.8344690e-04
   1.8344690e-04
   1.8344690e-04
   1.8344690e-04
   1.8344690e-04
   1.8344690e-04
   1.8344690e-04
   1.8344690e-04
   1.8344690e-04
   1.8344690e-04
   1.8344690e-04
   1.8344690e-04
   1.8344690e-04
   1.8344690e-04
   1.8344690e-04
   1.8344690e-04
   1.8344690e-04
   1.8344690e-04
   1.8344690e-04
   1.8344690e-04
   1.8344690e-04
   1.8344690e-04
   1.8344690e-04
   1.8344690e-04
   1.8344690e-04
   1.8344690e-04
  -1.7766377e-01
   1.7895761e-01
   2.9150124e-04
  -2.7777534e-01
   2.7926595e-01
   3.8508809e-04
  -4.7870025e-04
  -3.0532539e-01
   3.0731342e-01
   4.1911249e-04
   4.1911249e-04
  -3.1333599e-01
   3.1386528e-01
  -5.7852581e-04
  -2.7410232e-01
   2.7491423e-01
   2.9699663e-04
  -2.2737157e-01
   2.2658300e-01
   1.5998682e-04
   1.2703784e+00
  -9.4881255e-01
  -5.0153223e-03
   1.8344690e-04
   1.8344690e-04
   1.8344690e-04
   1.8344690e-04
   1.8344690e-04
   1.8344690e-04
   1.8344690e-04
   1.8344690e-04
   1.8344690e-04
   1.8344690e-04
   1.8344690e-04
   1.8344690e-04
   1.8344690e-04
   1.8344690e-04
   1.8344690e-04
  -1.7766377e-01
   1.7895761e-01
   2.9150124e-04
  -2.7777534e-01
   2.7926595e-01
   3.8508809e-04
   3.8508809e-04
  -3.0711682e-01
   3.0820914e-01
   4.1911249e-04
  -3.1333599e-01
   3.1386528e-01
   3.8782588e-04
   3.8782588e-04
  -2.7590276e-01
   2.7581445e-01
   2.9699663e-04
  -2.2705026e-01
   2.2659200e-01
   1.5548572e-04
   5.5421943e-03
   9.9510433e-01
  -9.5401582e-01
   1.8344690e-04
   1.8344690e-04
   1.8344690e-04
   1.8344690e-04
   1.8344690e-04
   1.8344690e-04
   1.8344690e-04
   1.8344690e-04
   1.8344690e-04
   1.8344690e-04
   1.8344690e-04
   1.8344690e-04
   1.8344690e-04
   1.8344690e-04
   1.8344690e-04
   1.8344690e-04
   1.8344690e-04
   1.8344690e-04
   1.8344690e-04
   1.8344690e-04
   1.8344690e-04
   1.8344690e-04
   1.8344690e-04
   1.8344690e-04
   1.8344690e-04
   1.8344690e-04
   1.8344690e-04
   1.8344690e-04
   1.8344690e-04
   1.8344690e-04
   1.8344690e-04
   1.8344690e-04
  -4.4663067e-04
  -1.7623243e-01
   1.7824193e-01
  -5.2716637e-04
  -2.7598390e-01
   2.7837024e-01
   3.8508809e-04
  -3.0711682e-01
   3.0820914e-01
   4.1911249e-04
  -3.1333599e-01
   3.1386528e-01
   3.8782588e-04
   3.8782588e-04
  -2.7590276e-01
   2.7581445e-01
   2.9699663e-04
  -2.2737157e-01
   2.2658300e-01
   1.5998682e-04
   1.0054929e+00
  -9.5921009e-01
   1.8344690e-04
   1.8344690e-04
   1.8344690e-04
   1.8344690e-04
   1.8344690e-04
   1.8344690e-04
   1.8344690e-04
   1.8344690e-04
   1.8344690e-04
   1.8344690e-04
   1.8344690e-04
   1.8344690e-04
   1.8344690e-04
   1.8344690e-04
   1.8344690e-04
   1.8344690e-04
   1.8344690e-04
   1.8344690e-04
   1.8344690e-04
   1.8344690e-04
   1.8344690e-04
   1.8344690e-04
   1.8344690e-04
   1.8344690e-04
   1.8344690e-04
   1.8344690e-04
   1.8344690e-04
   1.8344690e-04
   1.8344690e-04
   1.8344690e-04
   1.8344690e-04
   1.8344690e-04
   1.8344690e-04
   1.8344690e-04
   1.8344690e-04
   1.8344690e-04
   1.8344690e-04
   1.8344690e-04
   1.8344690e-04
   1.8344690e-04
   1.8344690e-04
   1.8344690e-04
   1.8344690e-04
   1.8344690e-04
   1.8344690e-04
   1.8344690e-04
   1.8344690e-04
   1.8344690e-04
   1.8344690e-04
   1.8344690e-04
   1.8344690e-04
   1.8344690e-04
   1.8344690e-04
   1.8344690e-04
   1.7952381e-04
   1.9244910e-04
   1.7894580e-04
  -4.4663067e-04
  -1.7623243e-01
   1.7824193e-01
   2.9150124e-04
  -5.2716637e-04
  -2.7598390e-01
   2.7837024e-01
  -3.0711682e-01
   3.0820914e-01
   4.1911249e-04
  -4.9942409e-04
  -3.1153555e-01
   3.1296506e-01
  -2.7570422e-01
   2.7582345e-01
   2.9249553e-04
   2.9699663e-04
   2.9699663e-04
  -2.2737157e-01
   2.2658300e-01
   1.0077870e+00
  -9.5920109e-01
   1.7894580e-04
   1.8344690e-04
   1.8344690e-04
   1.8344690e-04
   1.8344690e-04
   1.8344690e-04
   1.8344690e-04
   1.8344690e-04
   1.8344690e-04
   1.8344690e-04
   1.8344690e-04
   1.7952381e-04
   1.9244910e-04
   1.7894580e-04
  -1.7766377e-01
   1.7895761e-01
   2.9150124e-04
  -2.7777534e-01
   2.7926595e-01
   3.8508809e-04
   3.8508809e-04
  -4.7870025e-04
  -3.0532539e-01
   3.0731342e-01
   4.1911249e-04
  -3.1333599e-01
   3.1386528e-01
  -2.7570422e-01
   2.7582345e-01
   2.9249553e-04
  -7.0643602e-04
  -2.2557113e-01
   2.2568278e-01
   1.5998682e-04
   1.0077870e+00
  -9.5920109e-01
   1.7894580e-04
   1.8344690e-04
   1.8344690e-04
   1.8344690e-04
   1.8344690e-04
   1.8344690e-04
   1.8344690e-04
   1.8344690e-04
   1.8344690e-04
   1.8344690e-04
   1.8344690e-04
   1.8344690e-04
   1.8344690e-04
   1.8344690e-04
   1.8344690e-04
   1.8344690e-04
   1.8344690e-04
   1.8344690e-04
   1.8344690e-04
   1.8344690e-04
   1.8344690e-04
   1.8344690e-04
   1.8344690e-04
   1.8344690e-04
   1.8344690e-04
   1.8344690e-04
   1.8344690e-04
   1.8344690e-04
   1.8344690e-04
   1.8344690e-04
   1.8344690e-04
   1.8344690e-04
   1.8344690e-04
   1.8344690e-04
   1.8344690e-04
   1.8344690e-04
   1.8344690e-04
   1.8344690e-04
   1.8344690e-04
   1.8344690e-04
   1.8344690e-04
   1.8344690e-04
   1.8344690e-04
   1.8344690e-04
   1.8344690e-04
   1.8344690e-04
   1.8344690e-04
   1.8344690e-04
   1.8344690e-04
   1.8344690e-04
   1.8344690e-04
   1.8344690e-04
   1.8344690e-04
   1.8344690e-04
   1.8344690e-04
   1.8344690e-04
   1.8344690e-04
   1.8344690e-04
   1.8344690e-04
   1.8344690e-04
   1.8344690e-04
   1.8344690e-04
   1.8344690e-04
   1.8344690e-04
  -4.4663067e-04
  -1.7623243e-01
   1.7824193e-01
  -2.2194691e-01
   2.7747452e-01
   1.2808068e-03
  -3.0711682e-01
   3.0820914e-01
   4.1911249e-04
   4.1911249e-04
  -3.1333599e-01
   3.1386528e-01
   3.8782588e-04
  -2.7590276e-01
   2.7581445e-01
   2.9699663e-04
  -2.2705026e-01
   2.2659200e-01
   1.5548572e-04
   5.5421943e-03
   9.9510433e-01
  -9.5401582e-01
   1.8344690e-04
   1.8344690e-04
   1.8344690e-04
   1.8344690e-04
   1.8344690e-04
   1.8344690e-04
   1.8344690e-04
   1.8344690e-04
   1.8344690e-04
   1.8344690e-04
   1.8344690e-04
   1.8344690e-04
   1.8344690e-04
   1.8344690e-04
   1.8344690e-04
   1.8344690e-04
   1.8344690e-04
  -1.7766377e-01
   1.7895761e-01
   2.9150124e-04
  -2.7777534e-01
   2.7926595e-01
   3.8508809e-04
  -2.7686624e-01
   3.0641770e-01
   1.3148312e-03
  -4.9942409e-04
  -3.1153555e-01
   3.1296506e-01
   3.8782588e-04
  -2.7590276e-01
   2.7581445e-01
   2.9699663e-04
  -2.2705026e-01
   2.2659200e-01
   1.5548572e-04
   5.5421943e-03
   9.9510433e-01
  -9.5401582e-01
   1.8344690e-04
   1.8344690e-04
   1.8344690e-04
   1.8344690e-04
   1.8344690e-04
   1.8344690e-04
   1.8344690e-04
   1.8344690e-04
   1.8344690e-04
   1.8344690e-04
   1.8344690e-04
   1.8344690e-04
   1.8344690e-04
   1.8344690e-04
   1.8344690e-04
   1.8344690e-04
   1.8344690e-04
   1.8344690e-04
   1.8344690e-04
   1.8344690e-04
   1.8344690e-04
   1.8344690e-04
   1.8344690e-04
   1.8344690e-04
   1.8344690e-04
   1.8344690e-04
   1.8344690e-04
   1.8344690e-04
   1.8344690e-04
   1.8344690e-04
   1.8344690e-04
   1.8344690e-04
   1.8344690e-04
   1.8344690e-04
   1.8344690e-04
   1.8344690e-04
   1.8344690e-04
   1.8344690e-04
   1.8344690e-04
   1.8344690e-04
   1.8344690e-04
   1.8344690e-04
   1.8344690e-04
   1.8344690e-04
   1.8344690e-04
   1.8344690e-04
   1.8344690e-04
   1.8344690e-04
   1.8344690e-04
   1.8344690e-04
   1.8344690e-04
   1.8344690e-04
   1.8344690e-04
   1.8344690e-04
   1.8344690e-04
   1.8344690e-04
   1.8344690e-04
   1.8344690e-04
   1.8344690e-04
   1.8344690e-04
   1.8344690e-04
   1.8344690e-04
   1.8344690e-04
   1.8344690e-04
   1.8344690e-04
   1.8344690e-04
   1.8344690e-04
   1.8344690e-04
   1.8344690e-04
   1.8344690e-04
   1.8344690e-04
   1.8344690e-04
   1.7952381e-04
   1.9244910e-04
   1.7894580e-04
   1.8344690e-04
  -1.7766377e-01
   1.7895761e-01
   2.9150124e-04
  -2.7777534e-01
   2.7926595e-01
   3.8508809e-04
   3.8508809e-04
  -3.0711682e-01
   3.0820914e-01
   4.1911249e-04
  -3.1333599e-01
   3.1386528e-01
   3.8782588e-04
  -5.7361284e-04
  -2.7411132e-01
   2.7491873e-01
  -2.7979358e-01
   2.2479156e-01
   1.0557055e-03
   1.2703784e+00
  -9.4881255e-01
  -5.0153223e-03
   1.8344690e-04
   1.8344690e-04
   1.8344690e-04
   1.8344690e-04
   1.8344690e-04
   1.8344690e-04
   1.8344690e-04
   1.8344690e-04
   1.8344690e-04
   1.8344690e-04
   1.7952381e-04
   1.9244910e-04
   1.7894580e-04
  -1.7766377e-01
   1.7895761e-01
   2.9150124e-04
  -2.7777534e-01
   2.7926595e-01
   3.8508809e-04
   3.8508809e-04
  -3.0711682e-01
   3.0820914e-01
   4.1911249e-04
  -3.1333599e-01
   3.1386528e-01
   3.8782588e-04
   3.8782588e-04
  -2.7590276e-01
   2.7581445e-01
   2.9699663e-04
  -7.0136492e-04
  -2.2558013e-01
   2.2568728e-01
   1.2703784e+00
  -9.4881255e-01
  -5.0153223e-03
   1.8344690e-04
   1.8344690e-04
   1.8344690e-04
   1.8344690e-04
   1.8344690e-04
   1.8344690e-04
   1.8344690e-04
   1.8344690e-04
   1.8344690e-04
   1.8344690e-04
   1.8344690e-04
   1.8344690e-04
   1.8344690e-04
   1.8344690e-04
   1.8344690e-04
   1.8344690e-04
   1.8344690e-04
   1.8344690e-04
   1.8344690e-04
   1.8344690e-04
   1.8344690e-04
   1.8344690e-04
   1.8344690e-04
   1.8344690e-04
   1.8344690e-04
   1.8344690e-04
   1.8344690e-04
   1.8344690e-04
   1.8344690e-04
   1.8344690e-04
   1.8344690e-04
   1.8344690e-04
   1.8344690e-04
   1.8344690e-04
   1.8344690e-04
   1.8344690e-04
   1.8344690e-04
   1.8344690e-04
   1.8344690e-04
   1.8344690e-04
   1.8344690e-04
   1.8344690e-04
   1.8344690e-04
   1.8344690e-04
   1.8344690e-04
   1.8344690e-04
   1.8344690e-04
   1.8344690e-04
   1.8344690e-04
   1.8344690e-04
   1.8344690e-04
   1.8344690e-04
   1.8344690e-04
   1.8344690e-04
   1.8344690e-04
   1.8344690e-04
  -1.7766377e-01
   1.7895761e-01
   2.9150124e-04
   2.9150124e-04
  -5.2716637e-04
  -2.7598390e-01
   2.7837024e-01
  -4.7870025e-04
  -3.0532539e-01
   3.0731342e-01
  -3.1333599e-01
   3.1386528e-01
   3.8782588e-04
   3.8782588e-04
  -2.7590276e-01
   2.7581445e-01
   2.9699663e-04
  -2.7979358e-01
   2.2479156e-01
   1.0557055e-03
   1.0077870e+00
  -9.5920109e-01
   1.7894580e-04
   1.8344690e-04
   1.8344690e-04
   1.8344690e-04
   1.8344690e-04
   1.8344690e-04
   1.8344690e-04
   1.8344690e-04
   1.8344690e-04
   1.8344690e-04
   1.8344690e-04
   1.8344690e-04
   1.8344690e-04
   1.8344690e-04
   1.7952381e-04
   1.9244910e-04
   1.7894580e-04
   1.8344690e-04
  -1.7766377e-01
   1.7895761e-01
   2.9150124e-04
  -2.7777534e-01
   2.7926595e-01
   3.8508809e-04
   3.8508809e-04
  -3.0711682e-01
   3.0820914e-01
   4.1911249e-04
  -3.1333599e-01
   3.1386528e-01
   3.8782588e-04
  -3.0201604e-01
   2.7402301e-01
   1.1927153e-03
  -7.0643602e-04
  -2.2557113e-01
   2.2568278e-01
   1.5998682e-04
   1.0054929e+00
  -9.5921009e-01
   1.8344690e-04
   1.8344690e-04
   1.8344690e-04
   1.8344690e-04
   1.8344690e-04
   1.8344690e-04
   1.8344690e-04
   1.8344690e-04
   1.8344690e-04
   1.8344690e-04
   1.8344690e-04
   1.8344690e-04
   1.8344690e-04
   1.8344690e-04
   1.8344690e-04
   1.8344690e-04
   1.8344690e-04
   1.8344690e-04
   1.8344690e-04
   1.8344690e-04
   1.8344690e-04
   1.8344690e-04
   1.8344690e-04
   1.8344690e-04
   1.8344690e-04
   1.8344690e-04
   1.8344690e-04
   1.8344690e-04
   1.8344690e-04
   1.8344690e-04
   1.8344690e-04
   1.8344690e-04
   1.8344690e-04
   1.8344690e-04
   1.8344690e-04
   1.8344690e-04
   1.8344690e-04
   1.8344690e-04
   1.8344690e-04
   1.8344690e-04
   1.8344690e-04
   1.8344690e-04
   1.8344690e-04
   1.8344690e-04
   1.8344690e-04
   1.8344690e-04
   1.8344690e-04
   1.8344690e-04
   1.8344690e-04
   1.8344690e-04
   1.8344690e-04
   1.8344690e-04
   1.8344690e-04
   1.8344690e-04
   1.8344690e-04
   1.8344690e-04
   1.8344690e-04
   1.8344690e-04
   1.8344690e-04
   1.8344690e-04
   1.8344690e-04
   1.8344690e-04
   1.8344690e-04
   1.8344690e-04
   1.8344690e-04
   1.8344690e-04
   1.8344690e-04
   1.8344690e-04
   1.8344690e-04
   1.8344690e-04
   1.8344690e-04
  -1.7766377e-01
   1.7895761e-01
   2.9150124e-04
  -2.2194691e-01
   2.7747452e-01
   1.2808068e-03
  -4.7870025e-04
  -3.0532539e-01
   3.0731342e-01
   4.1911249e-04
  -3.1333599e-01
   3.1386528e-01
   3.8782588e-04
  -2.7590276e-01
   2.7581445e-01
   2.9699663e-04
  -2.2705026e-01
   2.2659200e-01
   1.5548572e-04
   5.5421943e-03
   9.9510433e-01
  -9.5401582e-01
   1.8344690e-04
   1.8344690e-04
   1.8344690e-04
   1.8344690e-04
   1.8344690e-04
   1.8344690e-04
   1.8344690e-04
   1.8344690e-04
   1.8344690e-04
   1.8344690e-04
   1.8344690e-04
   1.8344690e-04
   1.8344690e-04
   1.8344690e-04
   1.8344690e-04
  -1.7766377e-01
   1.7895761e-01
   2.9150124e-04
  -2.7777534e-01
   2.7926595e-01
   3.8508809e-04
  -3.0711682e-01
   3.0820914e-01
   4.1911249e-04
   4.7373525e-01
