   7.8243548e-03
   7.8243548e-03
   7.8243548e-03
   7.8243548e-03
   7.8243548e-03
   7.8243548e-03
   7.8243548e-03
   7.8243548e-03
   7.8243548e-03
   7.8243548e-03
  -3.3119678e-02
   8.0470746e-03
   1.5335696e-02
  -3.5425265e-02
   8.7673329e-03
   1.8112757e-02
   8.8589600e-03
  -2.9927868e-02
   2.8156937e-02
   8.9643440e-03
   8.0061470e-03
   2.8100054e-02
   8.6843903e-03
   8.6843903e-03
   4.4154783e-02
   2.6352256e-02
   8.0565230e-03
   7.6081199e-02
   2.4148121e-02
   7.1414046e-03
  -3.4703265e+00
  -8.1324880e-02
   7.8243548e-03
   7.8243548e-03
   7.8243548e-03
   7.8243548e-03
   7.8243548e-03
   7.8243548e-03
   7.8243548e-03
   7.8243548e-03
   7.8243548e-03
   7.8243548e-03
   7.8243548e-03
   7.8243548e-03
   7.8243548e-03
   7.8243548e-03
   7.8243548e-03
   7.8243548e-03
   7.8243548e-03
   7.8243548e-03
   7.8243548e-03
   7.8243548e-03
   7.8243548e-03
   7.8243548e-03
   7.8243548e-03
   7.8243548e-03
   7.8243548e-03
   7.8243548e-03
   7.8243548e-03
   7.8243548e-03
   7.8243548e-03
   7.8243548e-03
   7.8243548e-03
   7.8243548e-03
   7.8243548e-03
   7.8243548e-03
   7.8243548e-03
   7.8243548e-03
   7.8243548e-03
   7.8243548e-03
   7.8243548e-03
   7.8243548e-03
   7.8243548e-03
   7.8243548e-03
   7.8243548e-03
   7.8243548e-03
   7.8243548e-03
   7.8243548e-03
   7.8243548e-03
   7.8243548e-03
   7.8243548e-03
   7.8243548e-03
   7.8243548e-03
   7.8243548e-03
   7.8243548e-03
   7.8243548e-03
   7.7891004e-03
   7.8955426e-03
   7.7879216e-03
  -3.3119678e-02
   8.0470746e-03
   1.5335696e-02
   8.3989815e-03
  -3.5425265e-02
   8.7673329e-03
   1.8112757e-02
  -2.9927868e-02
   2.8156937e-02
   8.9643440e-03
   1.0871714e-02
   8.6811634e-03
   1.8393836e-02
   4.4731217e-02
   2.6445437e-02
   8.0103657e-03
   8.0565230e-03
   8.0565230e-03
   7.6081199e-02
   2.4148121e-02
  -3.4618576e+00
  -8.1253693e-02
   7.7879216e-03
   7.8243548e-03
   7.8243548e-03
   7.8243548e-03
   7.8243548e-03
   7.8243548e-03
   7.8243548e-03
   7.8243548e-03
   7.8243548e-03
   7.8243548e-03
   7.8243548e-03
   7.7891004e-03
   7.8955426e-03
   7.7879216e-03
  -6.0502555e-02
   2.1920504e-02
   8.3989815e-03
  -6.5413234e-02
   2.7274926e-02
   8.8589600e-03
   8.8589600e-03
  -1.2991740e-02
   9.0711611e-03
   1.8507232e-02
   8.9643440e-03
   8.0061470e-03
   2.8100054e-02
   4.4731217e-02
   2.6445437e-02
   8.0103657e-03
   5.3785966e-02
   6.6133394e-03
   1.5829027e-02
   7.1414046e-03
  -3.4618576e+00
  -8.1253693e-02
   7.7879216e-03
   7.8243548e-03
   7.8243548e-03
   7.8243548e-03
   7.8243548e-03
   7.8243548e-03
   7.8243548e-03
   7.8243548e-03
   7.8243548e-03
   7.8243548e-03
   7.8243548e-03
   7.8243548e-03
   7.8243548e-03
   7.8243548e-03
   7.8243548e-03
   7.8243548e-03
   7.8243548e-03
   7.8243548e-03
   7.8243548e-03
   7.8243548e-03
   7.8243548e-03
   7.8243548e-03
   7.8243548e-03
   7.8243548e-03
   7.8243548e-03
   7.8243548e-03
   7.8243548e-03
   7.8243548e-03
   7.8243548e-03
   7.8243548e-03
   7.8243548e-03
   7.8243548e-03
   7.8243548e-03
   7.8243548e-03
   7.8243548e-03
   7.8243548e-03
   7.8243548e-03
   7.8243548e-03
   7.8243548e-03
   7.8243548e-03
   7.8243548e-03
   7.8243548e-03
   7.8243548e-03
   7.8243548e-03
   7.8243548e-03
   7.8243548e-03
   7.8243548e-03
   7.8243548e-03
   7.8243548e-03
   7.8243548e-03
   7.8243548e-03
   7.8243548e-03
   7.8243548e-03
   7.8243548e-03
   7.8243548e-03
   7.8243548e-03
   7.8243548e-03
   7.8243548e-03
   7.8243548e-03
   7.8243548e-03
   7.8243548e-03
   7.8243548e-03
   7.8243548e-03
   7.8243548e-03
  -3.3119678e-02
   8.0470746e-03
   1.5335696e-02
  -1.8660207e-04
  -2.6096746e-02
   1.8021129e-02
  -2.9927868e-02
   2.8156937e-02
   8.9643440e-03
   8.9643440e-03
   8.0061470e-03
   2.8100054e-02
   8.6843903e-03
   4.4154783e-02
   2.6352256e-02
   8.0565230e-03
   7.6889750e-02
   2.4232674e-02
   7.0998091e-03
  -2.1832065e+00
   1.1734368e-02
  -3.9280962e-02
   7.8243548e-03
   7.8243548e-03
   7.8243548e-03
   7.8243548e-03
   7.8243548e-03
   7.8243548e-03
   7.8243548e-03
   7.8243548e-03
   7.8243548e-03
   7.8243548e-03
   7.8243548e-03
   7.8243548e-03
   7.8243548e-03
   7.8243548e-03
   7.8243548e-03
   7.8243548e-03
   7.8243548e-03
  -6.0502555e-02
   2.1920504e-02
   8.3989815e-03
  -6.5413234e-02
   2.7274926e-02
   8.8589600e-03
  -3.9266414e-04
  -3.5031195e-03
   1.8614049e-02
   1.0871714e-02
   8.6811634e-03
   1.8393836e-02
   8.6843903e-03
   4.4154783e-02
   2.6352256e-02
   8.0565230e-03
   7.6889750e-02
   2.4232674e-02
   7.0998091e-03
  -2.1832065e+00
   1.1734368e-02
  -3.9280962e-02
   7.8243548e-03
   7.8243548e-03
   7.8243548e-03
   7.8243548e-03
   7.8243548e-03
   7.8243548e-03
   7.8243548e-03
   7.8243548e-03
   7.8243548e-03
   7.8243548e-03
   7.8243548e-03
   7.8243548e-03
   7.8243548e-03
   7.8243548e-03
   7.8243548e-03
   7.8243548e-03
   7.8243548e-03
   7.8243548e-03
   7.8243548e-03
   7.8243548e-03
   7.8243548e-03
   7.8243548e-03
   7.8243548e-03
   7.8243548e-03
   7.8243548e-03
   7.8243548e-03
   7.8243548e-03
   7.8243548e-03
   7.8243548e-03
   7.8243548e-03
   7.8243548e-03
   7.8243548e-03
   7.8243548e-03
   7.8243548e-03
   7.8243548e-03
   7.8243548e-03
   7.8243548e-03
   7.8243548e-03
   7.8243548e-03
   7.8243548e-03
   7.8243548e-03
   7.8243548e-03
   7.8243548e-03
   7.8243548e-03
   7.8243548e-03
   7.8243548e-03
   7.8243548e-03
   7.8243548e-03
   7.8243548e-03
   7.8243548e-03
   7.8243548e-03
   7.8243548e-03
   7.8243548e-03
   7.8243548e-03
   7.8243548e-03
   7.8243548e-03
   7.8243548e-03
   7.8243548e-03
   7.8243548e-03
   7.8243548e-03
   7.8243548e-03
   7.8243548e-03
   7.8243548e-03
   7.8243548e-03
   7.8243548e-03
   7.8243548e-03
   7.8243548e-03
   7.8243548e-03
   7.8243548e-03
   7.8243548e-03
   7.8243548e-03
   7.8243548e-03
   7.7891004e-03
   7.8955426e-03
   7.7879216e-03
   7.8243548e-03
  -6.0502555e-02
   2.1920504e-02
   8.3989815e-03
  -6.5413234e-02
   2.7274926e-02
   8.8589600e-03
   8.8589600e-03
  -2.9927868e-02
   2.8156937e-02
   8.9643440e-03
   8.0061470e-03
   2.8100054e-02
   8.6843903e-03
   3.3517212e-02
   8.1313865e-03
   1.7166958e-02
  -1.5808202e-03
   6.1520789e-02
   1.5418903e-02
   5.9169721e-02
  -2.2365536e+00
  -3.4255997e-02
   7.8243548e-03
   7.8243548e-03
   7.8243548e-03
   7.8243548e-03
   7.8243548e-03
   7.8243548e-03
   7.8243548e-03
   7.8243548e-03
   7.8243548e-03
   7.8243548e-03
   7.7891004e-03
   7.8955426e-03
   7.7879216e-03
  -6.0502555e-02
   2.1920504e-02
   8.3989815e-03
  -6.5413234e-02
   2.7274926e-02
   8.8589600e-03
   8.8589600e-03
  -2.9927868e-02
   2.8156937e-02
   8.9643440e-03
   8.0061470e-03
   2.8100054e-02
   8.6843903e-03
   8.6843903e-03
   4.4154783e-02
   2.6352256e-02
   8.0565230e-03
   5.3193475e-02
   6.6896854e-03
   1.5870623e-02
   5.9169721e-02
  -2.2365536e+00
  -3.4255997e-02
   7.8243548e-03
   7.8243548e-03
   7.8243548e-03
   7.8243548e-03
   7.8243548e-03
   7.8243548e-03
   7.8243548e-03
   7.8243548e-03
   7.8243548e-03
   7.8243548e-03
   7.8243548e-03
   7.8243548e-03
   7.8243548e-03
   7.8243548e-03
   7.8243548e-03
   7.8243548e-03
   7.8243548e-03
   7.8243548e-03
   7.8243548e-03
   7.8243548e-03
   7.8243548e-03
   7.8243548e-03
   7.8243548e-03
   7.8243548e-03
   7.8243548e-03
   7.8243548e-03
   7.8243548e-03
   7.8243548e-03
   7.8243548e-03
   7.8243548e-03
   7.8243548e-03
   7.8243548e-03
   7.8243548e-03
   7.8243548e-03
   7.8243548e-03
   7.8243548e-03
   7.8243548e-03
   7.8243548e-03
   7.8243548e-03
   7.8243548e-03
   7.8243548e-03
   7.8243548e-03
   7.8243548e-03
   7.8243548e-03
   7.8243548e-03
   7.8243548e-03
   7.8243548e-03
   7.8243548e-03
   7.8243548e-03
   7.8243548e-03
   7.8243548e-03
   7.8243548e-03
   7.8243548e-03
   7.8243548e-03
   7.8243548e-03
   7.8243548e-03
  -6.0502555e-02
   2.1920504e-02
   8.3989815e-03
   8.3989815e-03
  -3.5425265e-02
   8.7673329e-03
   1.8112757e-02
  -1.2991740e-02
   9.0711611e-03
   1.8507232e-02
   8.0061470e-03
   2.8100054e-02
   8.6843903e-03
   8.6843903e-03
   4.4154783e-02
   2.6352256e-02
   8.0565230e-03
  -1.5808202e-03
   6.1520789e-02
   1.5418903e-02
  -3.4618576e+00
  -8.1253693e-02
   7.7879216e-03
   7.8243548e-03
   7.8243548e-03
   7.8243548e-03
   7.8243548e-03
   7.8243548e-03
   7.8243548e-03
   7.8243548e-03
   7.8243548e-03
   7.8243548e-03
   7.8243548e-03
   7.8243548e-03
   7.8243548e-03
   7.8243548e-03
   7.7891004e-03
   7.8955426e-03
   7.7879216e-03
   7.8243548e-03
  -6.0502555e-02
   2.1920504e-02
   8.3989815e-03
  -6.5413234e-02
   2.7274926e-02
   8.8589600e-03
   8.8589600e-03
  -2.9927868e-02
   2.8156937e-02
   8.9643440e-03
   8.0061470e-03
   2.8100054e-02
   8.6843903e-03
  -9.5343328e-04
   4.2328379e-02
   1.7241821e-02
   5.3785966e-02
   6.6133394e-03
   1.5829027e-02
   7.1414046e-03
  -3.4703265e+00
  -8.1324880e-02
   7.8243548e-03
   7.8243548e-03
   7.8243548e-03
   7.8243548e-03
   7.8243548e-03
   7.8243548e-03
   7.8243548e-03
   7.8243548e-03
   7.8243548e-03
   7.8243548e-03
   7.8243548e-03
   7.8243548e-03
   7.8243548e-03
   7.8243548e-03
   7.8243548e-03
   7.8243548e-03
   7.8243548e-03
   7.8243548e-03
   7.8243548e-03
   7.8243548e-03
   7.8243548e-03
   7.8243548e-03
   7.8243548e-03
   7.8243548e-03
   7.8243548e-03
   7.8243548e-03
   7.8243548e-03
   7.8243548e-03
   7.8243548e-03
   7.8243548e-03
   7.8243548e-03
   7.8243548e-03
   7.8243548e-03
   7.8243548e-03
   7.8243548e-03
   7.8243548e-03
   7.8243548e-03
   7.8243548e-03
   7.8243548e-03
   7.8243548e-03
   7.8243548e-03
   7.8243548e-03
   7.8243548e-03
   7.8243548e-03
   7.8243548e-03
   7.8243548e-03
   7.8243548e-03
   7.8243548e-03
   7.8243548e-03
   7.8243548e-03
   7.8243548e-03
   7.8243548e-03
   7.8243548e-03
   7.8243548e-03
   7.8243548e-03
   7.8243548e-03
   7.8243548e-03
   7.8243548e-03
   7.8243548e-03
   7.8243548e-03
   7.8243548e-03
   7.8243548e-03
   7.8243548e-03
   7.8243548e-03
   7.8243548e-03
   7.8243548e-03
   7.8243548e-03
   7.8243548e-03
   7.8243548e-03
   7.8243548e-03
   7.8243548e-03
  -6.0502555e-02
   2.1920504e-02
   8.3989815e-03
  -1.8660207e-04
  -2.6096746e-02
   1.8021129e-02
  -1.2991740e-02
   9.0711611e-03
   1.8507232e-02
   8.9643440e-03
   8.0061470e-03
   2.8100054e-02
   8.6843903e-03
   4.4154783e-02
   2.6352256e-02
   8.0565230e-03
   7.6889750e-02
   2.4232674e-02
   7.0998091e-03
  -2.1832065e+00
   1.1734368e-02
  -3.9280962e-02
   7.8243548e-03
   7.8243548e-03
   7.8243548e-03
   7.8243548e-03
   7.8243548e-03
   7.8243548e-03
   7.8243548e-03
   7.8243548e-03
   7.8243548e-03
   7.8243548e-03
   7.8243548e-03
   7.8243548e-03
   7.8243548e-03
   7.8243548e-03
   7.8243548e-03
  -6.0502555e-02
   2.1920504e-02
   8.3989815e-03
  -6.5413234e-02
   2.7274926e-02
   8.8589600e-03
  -2.9927868e-02
   2.8156937e-02
   8.9643440e-03
   1.0871714e-02
   8.6811634e-03
   1.8393836e-02
   8.6843903e-03
   4.4154783e-02
   2.6352256e-02
   8.0565230e-03
   7.6889750e-02
   2.4232674e-02
   7.0998091e-03
  -3.4618576e+00
  -8.1253693e-02
   7.7879216e-03
   7.8243548e-03
   7.8243548e-03
   7.8243548e-03
   7.8243548e-03
   7.8243548e-03
   7.8243548e-03
   7.8243548e-03
   7.8243548e-03
   7.8243548e-03
   7.8243548e-03
   7.8243548e-03
   7.8243548e-03
   7.8243548e-03
   7.8243548e-03
   7.8243548e-03
   7.8243548e-03
   7.8243548e-03
   7.8243548e-03
   7.8243548e-03
   7.8243548e-03
   7.8243548e-03
   7.8243548e-03
   7.8243548e-03
   7.8243548e-03
   7.8243548e-03
   7.8243548e-03
   7.8243548e-03
   7.8243548e-03
   7.8243548e-03
   7.8243548e-03
   7.8243548e-03
   7.8243548e-03
   7.8243548e-03
   7.8243548e-03
   7.8243548e-03
   7.8243548e-03
   7.8243548e-03
   7.8243548e-03
   7.8243548e-03
   7.8243548e-03
   7.8243548e-03
   7.8243548e-03
   7.8243548e-03
   7.8243548e-03
   7.8243548e-03
   7.8243548e-03
   7.8243548e-03
   7.8243548e-03
   7.8243548e-03
   7.8243548e-03
   7.8243548e-03
   7.8243548e-03
   7.8243548e-03
   7.8243548e-03
   7.8243548e-03
   7.8243548e-03
   7.8243548e-03
   7.7891004e-03
   7.8955426e-03
   7.7879216e-03
   7.8243548e-03
  -6.0502555e-02
   2.1920504e-02
   8.3989815e-03
  -1.8660207e-04
  -2.6096746e-02
   1.8021129e-02
  -1.2991740e-02
   1.8668317e-02
  -5.7854418e-04
   1.8507232e-02
   8.0061470e-03
   2.8100054e-02
   8.6843903e-03
  -9.5343328e-04
   4.2328379e-02
   1.7241821e-02
   8.0565230e-03
   7.6889750e-02
   2.4232674e-02
   7.0998091e-03
   5.9169721e-02
  -2.2365536e+00
  -3.4255997e-02
   7.8243548e-03
   7.8243548e-03
   7.8243548e-03
   7.8243548e-03
   7.8243548e-03
   7.8243548e-03
   7.8243548e-03
   7.8243548e-03
   7.8243548e-03
   7.8243548e-03
   7.8243548e-03
   7.8243548e-03
   7.8243548e-03
   7.7891004e-03
   7.8955426e-03
   7.7879216e-03
  -6.0502555e-02
   2.1920504e-02
   8.3989815e-03
   8.3989815e-03
  -6.5413234e-02
   2.7274926e-02
   8.8589600e-03
  -1.2991740e-02
   9.0711611e-03
   1.8507232e-02
   8.0061470e-03
   2.8100054e-02
   8.6843903e-03
  -9.5343328e-04
   4.2328379e-02
   1.7241821e-02
   7.6889750e-02
   2.4232674e-02
   7.0998091e-03
   7.1414046e-03
  -3.4703265e+00
  -8.1324880e-02
   7.8243548e-03
   7.8243548e-03
   7.8243548e-03
   7.8243548e-03
   7.8243548e-03
   7.8243548e-03
   7.8243548e-03
   7.8243548e-03
   7.8243548e-03
   7.8243548e-03
   7.8243548e-03
   7.8243548e-03
   7.8243548e-03
   7.8243548e-03
   7.8243548e-03
   7.8243548e-03
   7.8243548e-03
   7.8243548e-03
   7.8243548e-03
   7.8243548e-03
   7.8243548e-03
   7.8243548e-03
   7.8243548e-03
   7.8243548e-03
   7.8243548e-03
   7.8243548e-03
   7.8243548e-03
   7.8243548e-03
   7.8243548e-03
   7.8243548e-03
   7.8243548e-03
   7.8243548e-03
   7.8243548e-03
   7.8243548e-03
   7.8243548e-03
   7.8243548e-03
   7.8243548e-03
   7.8243548e-03
   7.8243548e-03
   7.8243548e-03
   7.8243548e-03
   7.8243548e-03
   7.8243548e-03
   7.8243548e-03
   7.8243548e-03
   7.8243548e-03
   7.8243548e-03
   7.8243548e-03
   7.8243548e-03
   7.8243548e-03
   7.8243548e-03
   7.8243548e-03
   7.8243548e-03
   7.8243548e-03
   7.8243548e-03
   7.8243548e-03
   7.8243548e-03
   7.8243548e-03
   7.7891004e-03
   7.8955426e-03
   7.7879216e-03
  -3.3119678e-02
   8.0470746e-03
   1.5335696e-02
  -6.5413234e-02
   2.7274926e-02
   8.8589600e-03
  -2.9927868e-02
   2.8156937e-02
   8.9643440e-03
   8.9643440e-03
   8.0061470e-03
   2.8100054e-02
   8.6843903e-03
   4.4154783e-02
   2.6352256e-02
   8.0565230e-03
   7.6081199e-02
   2.4148121e-02
   7.1414046e-03
  -2.1832065e+00
   1.1734368e-02
  -3.9280962e-02
   7.8243548e-03
   7.8243548e-03
   7.8243548e-03
   7.8243548e-03
   7.8243548e-03
   7.8243548e-03
   7.8243548e-03
   7.8243548e-03
   7.8243548e-03
   7.8243548e-03
   7.8243548e-03
   7.8243548e-03
   7.8243548e-03
   7.8243548e-03
   7.8243548e-03
  -6.0502555e-02
   2.1920504e-02
   8.3989815e-03
  -6.5413234e-02
   2.7274926e-02
   8.8589600e-03
  -2.9927868e-02
   2.8156937e-02
   8.9643440e-03
   8.9643440e-03
   8.0061470e-03
   2.8100054e-02
   8.6843903e-03
   4.4154783e-02
   2.6352256e-02
   8.0565230e-03
   7.6081199e-02
   2.4148121e-02
   7.1414046e-03
  -2.1832065e+00
   1.1734368e-02
  -3.9280962e-02
   7.8243548e-03
   7.8243548e-03
   7.8243548e-03
   7.8243548e-03
   7.8243548e-03
   7.8243548e-03
   7.8243548e-03
   7.8243548e-03
   7.8243548e-03
   7.8243548e-03
   7.8243548e-03
   7.8243548e-03
   7.8243548e-03
   7.8243548e-03
   7.8243548e-03
   7.8243548e-03
   7.8243548e-03
   7.8243548e-03
   7.8243548e-03
   7.8243548e-03
   7.8243548e-03
   7.8243548e-03
   7.8243548e-03
   7.8243548e-03
   7.8243548e-03
   7.8243548e-03
   7.8243548e-03
   7.8243548e-03
   7.8243548e-03
   7.8243548e-03
   7.8243548e-03
   7.8243548e-03
   7.8243548e-03
   7.8243548e-03
   7.8243548e-03
   7.8243548e-03
   7.8243548e-03
   7.8243548e-03
   7.8243548e-03
   7.8243548e-03
   7.8243548e-03
   7.8243548e-03
   7.8243548e-03
   7.8243548e-03
   7.8243548e-03
   7.8243548e-03
   7.8243548e-03
   7.8243548e-03
   7.8243548e-03
   7.8243548e-03
   7.8243548e-03
   7.8243548e-03
   7.8243548e-03
   7.8243548e-03
   7.8243548e-03
   7.8243548e-03
   7.8243548e-03
   7.7891004e-03
   7.8955426e-03
   7.7879216e-03
  -3.3119678e-02
   8.0470746e-03
   1.5335696e-02
   8.3989815e-03
  -6.5413234e-02
   2.7274926e-02
   8.8589600e-03
  -2.9927868e-02
   2.8156937e-02
   8.9643440e-03
   8.0061470e-03
   2.8100054e-02
   8.6843903e-03
   3.3927701e-02
   8.1238283e-03
   1.7120800e-02
   8.0565230e-03
   7.6081199e-02
   2.4148121e-02
   7.1414046e-03
  -3.4703265e+00
  -8.1324880e-02
   7.8243548e-03
   7.8243548e-03
   7.8243548e-03
   7.8243548e-03
   7.8243548e-03
   7.8243548e-03
   7.8243548e-03
   7.8243548e-03
   7.8243548e-03
   7.8243548e-03
   7.8243548e-03
   7.8243548e-03
   7.7891004e-03
   7.8955426e-03
   7.7879216e-03
  -6.0502555e-02
   2.1920504e-02
   8.3989815e-03
   8.3989815e-03
  -6.5413234e-02
   2.7274926e-02
   8.8589600e-03
  -3.9266414e-04
  -3.5031195e-03
   1.8614049e-02
   8.0061470e-03
   2.8100054e-02
   8.6843903e-03
   4.4731217e-02
   2.6445437e-02
   8.0103657e-03
   8.0565230e-03
   7.6081199e-02
   2.4148121e-02
   7.1414046e-03
  -3.4618576e+00
  -8.1253693e-02
   7.7879216e-03
   7.8243548e-03
   7.8243548e-03
   7.8243548e-03
   7.8243548e-03
   7.8243548e-03
   7.8243548e-03
   7.8243548e-03
   7.8243548e-03
   7.8243548e-03
   7.8243548e-03
   7.8243548e-03
   7.8243548e-03
   7.8243548e-03
   7.8243548e-03
   7.8243548e-03
   7.8243548e-03
   7.8243548e-03
   7.8243548e-03
   7.8243548e-03
   7.8243548e-03
   7.8243548e-03
   7.8243548e-03
   7.8243548e-03
   7.8243548e-03
   7.8243548e-03
   7.8243548e-03
   7.8243548e-03
   7.8243548e-03
   7.8243548e-03
   7.8243548e-03
   7.8243548e-03
   7.8243548e-03
   7.8243548e-03
   7.8243548e-03
   7.8243548e-03
   7.8243548e-03
   7.8243548e-03
   7.8243548e-03
   7.8243548e-03
   7.8243548e-03
   7.8243548e-03
   7.8243548e-03
   7.8243548e-03
   7.8243548e-03
   7.8243548e-03
   7.8243548e-03
   7.8243548e-03
   7.8243548e-03
   7.8243548e-03
   7.8243548e-03
   7.8243548e-03
   7.8243548e-03
   7.8243548e-03
   7.8243548e-03
   7.8243548e-03
   7.8243548e-03
   7.8243548e-03
   7.8243548e-03
   7.8243548e-03
   7.8243548e-03
   7.8243548e-03
   7.8243548e-03
   7.8243548e-03
   7.8243548e-03
   7.8243548e-03
   7.8243548e-03
   7.8243548e-03
   7.8243548e-03
   7.8243548e-03
   7.8243548e-03
   7.8243548e-03
   7.8243548e-03
   7.8243548e-03
   7.8243548e-03
   7.8243548e-03
   7.8243548e-03
   7.8243548e-03
   7.8243548e-03
   7.8243548e-03
   7.8243548e-03
   7.8243548e-03
   7.8243548e-03
   7.8243548e-03
   7.8243548e-03
   7.8243548e-03
   7.8243548e-03
   7.8243548e-03
   7.8243548e-03
   7.8243548e-03
   7.8243548e-03
   7.8243548e-03
   7.8243548e-03
   7.8243548e-03
   7.8243548e-03
   7.8243548e-03
   7.8243548e-03
   7.8243548e-03
   7.8243548e-03
   7.8243548e-03
   7.8243548e-03
   7.8243548e-03
   7.8243548e-03
   7.8243548e-03
   7.8243548e-03
   7.8243548e-03
   7.8243548e-03
   7.8243548e-03
   7.8243548e-03
   7.8243548e-03
   7.8243548e-03
   7.8243548e-03
   7.8243548e-03
   7.8243548e-03
   7.8243548e-03
   7.8243548e-03
   7.8243548e-03
   7.8243548e-03
   7.8243548e-03
   7.8243548e-03
   7.8243548e-03
   7.8243548e-03
   7.8243548e-03
   7.8243548e-03
   7.8243548e-03
   7.8243548e-03
   7.8243548e-03
   7.8243548e-03
   7.8243548e-03
   7.8243548e-03
   7.8243548e-03
   7.8243548e-03
   7.8243548e-03
   7.8243548e-03
   7.8243548e-03
   7.8243548e-03
   7.8243548e-03
   7.8243548e-03
   7.8243548e-03
   7.8243548e-03
   7.8243548e-03
   7.8243548e-03
   7.8243548e-03
   7.8243548e-03
   7.8243548e-03
   7.8243548e-03
   7.8243548e-03
   7.8243548e-03
   7.8243548e-03
   7.8243548e-03
   7.8243548e-03
   7.8243548e-03
   7.8243548e-03
   7.8243548e-03
   7.8243548e-03
   7.8243548e-03
   7.8243548e-03
   7.8243548e-03
   7.8243548e-03
   7.8243548e-03
   7.8243548e-03
   7.8243548e-03
   7.8243548e-03
   7.8243548e-03
   7.8243548e-03
   7.8243548e-03
   7.8243548e-03
   7.8243548e-03
   7.8243548e-03
   7.8243548e-03
   7.8243548e-03
   7.8243548e-03
   7.8243548e-03
   7.8243548e-03
   7.8243548e-03
   7.8243548e-03
   7.8243548e-03
   7.8243548e-03
   7.8243548e-03
   7.8243548e-03
   7.8243548e-03
   7.8243548e-03
   7.8243548e-03
   7.8243548e-03
   7.8243548e-03
  -6.0502555e-02
   2.1920504e-02
   8.3989815e-03
  -6.5413234e-02
   2.7274926e-02
   8.8589600e-03
  -2.9927868e-02
   2.8156937e-02
   8.9643440e-03
   8.0061470e-03
   2.8100054e-02
   8.6843903e-03
   8.6843903e-03
   4.4154783e-02
   2.6352256e-02
   8.0565230e-03
   7.6889750e-02
   2.4232674e-02
   7.0998091e-03
   7.1414046e-03
  -3.4703265e+00
  -8.1324880e-02
   7.8243548e-03
   7.8243548e-03
   7.8243548e-03
   7.8243548e-03
   7.8243548e-03
   7.8243548e-03
   7.8243548e-03
   7.8243548e-03
   7.8243548e-03
   7.8243548e-03
   7.8243548e-03
   7.8243548e-03
   7.8243548e-03
   7.8243548e-03
   7.8243548e-03
   7.8243548e-03
   7.8243548e-03
   7.8243548e-03
   7.8243548e-03
  -6.0502555e-02
   2.1920504e-02
   8.3989815e-03
  -1.8660207e-04
  -2.6096746e-02
   1.8021129e-02
   8.8589600e-03
  -2.9927868e-02
   2.8156937e-02
   8.9643440e-03
   8.9643440e-03
   8.0061470e-03
   2.8100054e-02
   4.4731217e-02
   2.6445437e-02
   8.0103657e-03
   8.0565230e-03
   7.6081199e-02
   2.4148121e-02
   7.1414046e-03
  -3.4703265e+00
  -8.1324880e-02
   7.8243548e-03
   7.8243548e-03
   7.8243548e-03
   7.8243548e-03
   7.8243548e-03
   7.8243548e-03
   7.8243548e-03
   7.8243548e-03
   7.8243548e-03
   7.8243548e-03
   7.8243548e-03
   7.8243548e-03
   7.8243548e-03
   7.8243548e-03
   7.8243548e-03
   7.8243548e-03
   7.8243548e-03
   7.8243548e-03
   7.8243548e-03
   7.8243548e-03
   7.8243548e-03
   7.8243548e-03
   7.8243548e-03
   7.8243548e-03
   7.8243548e-03
   7.8243548e-03
   7.8243548e-03
   7.8243548e-03
   7.8243548e-03
   7.8243548e-03
   7.8243548e-03
   7.8243548e-03
   7.8243548e-03
   7.8243548e-03
   7.8243548e-03
   7.8243548e-03
   7.8243548e-03
   7.8243548e-03
   7.8243548e-03
   7.8243548e-03
   7.8243548e-03
   7.8243548e-03
   7.8243548e-03
   7.8243548e-03
   7.8243548e-03
   7.8243548e-03
   7.8243548e-03
   7.8243548e-03
   7.8243548e-03
   7.8243548e-03
   7.8243548e-03
   7.8243548e-03
   7.8243548e-03
   7.8243548e-03
   7.8243548e-03
   7.8243548e-03
   7.8243548e-03
   7.8243548e-03
   7.8243548e-03
   7.8243548e-03
   7.8243548e-03
   7.8243548e-03
   7.8243548e-03
   7.8243548e-03
   7.8243548e-03
   7.8243548e-03
  -6.0502555e-02
   2.1920504e-02
   8.3989815e-03
  -6.5413234e-02
   2.7274926e-02
   8.8589600e-03
  -1.2991740e-02
   9.0711611e-03
   1.8507232e-02
   8.9643440e-03
   8.9643440e-03
   8.0061470e-03
   2.8100054e-02
   3.3927701e-02
   8.1238283e-03
   1.7120800e-02
   8.0565230e-03
   7.6081199e-02
   2.4148121e-02
   7.1414046e-03
   5.9169721e-02
  -2.2365536e+00
  -3.4255997e-02
   7.8243548e-03
   7.8243548e-03
   7.8243548e-03
   7.8243548e-03
   7.8243548e-03
   7.8243548e-03
   7.8243548e-03
   7.8243548e-03
   7.8243548e-03
   7.8243548e-03
   7.8243548e-03
   7.8243548e-03
   7.8243548e-03
   7.8243548e-03
   7.8243548e-03
  -6.0502555e-02
   2.1920504e-02
   8.3989815e-03
  -6.5413234e-02
   2.7274926e-02
   8.8589600e-03
   8.8589600e-03
  -2.9927868e-02
   2.8156937e-02
   8.9643440e-03
   8.0061470e-03
   2.8100054e-02
   8.6843903e-03
   8.6843903e-03
   4.4154783e-02
   2.6352256e-02
   8.0565230e-03
   7.6889750e-02
   2.4232674e-02
   7.0998091e-03
  -2.1832065e+00
   1.1734368e-02
  -3.9280962e-02
   7.8243548e-03
   7.8243548e-03
   7.8243548e-03
   7.8243548e-03
   7.8243548e-03
   7.8243548e-03
   7.8243548e-03
   7.8243548e-03
   7.8243548e-03
   7.8243548e-03
   7.8243548e-03
   7.8243548e-03
   7.8243548e-03
   7.8243548e-03
   7.8243548e-03
   7.8243548e-03
   7.8243548e-03
   7.8243548e-03
   7.8243548e-03
   7.8243548e-03
   7.8243548e-03
   7.8243548e-03
   7.8243548e-03
   7.8243548e-03
   7.8243548e-03
   7.8243548e-03
   7.8243548e-03
   7.8243548e-03
   7.8243548e-03
   7.8243548e-03
   7.8243548e-03
   7.8243548e-03
  -3.3119678e-02
   8.0470746e-03
   1.5335696e-02
  -3.5425265e-02
   8.7673329e-03
   1.8112757e-02
   8.8589600e-03
  -2.9927868e-02
   2.8156937e-02
   8.9643440e-03
   8.0061470e-03
   2.8100054e-02
   8.6843903e-03
   8.6843903e-03
   4.4154783e-02
   2.6352256e-02
   8.0565230e-03
   7.6081199e-02
   2.4148121e-02
   7.1414046e-03
  -3.4703265e+00
  -8.1324880e-02
   7.8243548e-03
   7.8243548e-03
   7.8243548e-03
   7.8243548e-03
   7.8243548e-03
   7.8243548e-03
   7.8243548e-03
   7.8243548e-03
   7.8243548e-03
   7.8243548e-03
   7.8243548e-03
   7.8243548e-03
   7.8243548e-03
   7.8243548e-03
   7.8243548e-03
   7.8243548e-03
   7.8243548e-03
   7.8243548e-03
   7.8243548e-03
   7.8243548e-03
   7.8243548e-03
   7.8243548e-03
   7.8243548e-03
   7.8243548e-03
   7.8243548e-03
   7.8243548e-03
   7.8243548e-03
   7.8243548e-03
   7.8243548e-03
   7.8243548e-03
   7.8243548e-03
   7.8243548e-03
   7.8243548e-03
   7.8243548e-03
   7.8243548e-03
   7.8243548e-03
   7.8243548e-03
   7.8243548e-03
   7.8243548e-03
   7.8243548e-03
   7.8243548e-03
   7.8243548e-03
   7.8243548e-03
   7.8243548e-03
   7.8243548e-03
   7.8243548e-03
   7.8243548e-03
   7.8243548e-03
   7.8243548e-03
   7.8243548e-03
   7.8243548e-03
   7.8243548e-03
   7.8243548e-03
   7.8243548e-03
   7.7891004e-03
   7.8955426e-03
   7.7879216e-03
  -3.3119678e-02
   8.0470746e-03
   1.5335696e-02
   8.3989815e-03
  -3.5425265e-02
   8.7673329e-03
   1.8112757e-02
  -2.9927868e-02
   2.8156937e-02
   8.9643440e-03
   1.0871714e-02
   8.6811634e-03
   1.8393836e-02
   4.4731217e-02
   2.6445437e-02
   8.0103657e-03
   8.0565230e-03
   8.0565230e-03
   7.6081199e-02
   2.4148121e-02
  -3.4618576e+00
  -8.1253693e-02
   7.7879216e-03
   7.8243548e-03
   7.8243548e-03
   7.8243548e-03
   7.8243548e-03
   7.8243548e-03
   7.8243548e-03
   7.8243548e-03
   7.8243548e-03
   7.8243548e-03
   7.8243548e-03
   7.7891004e-03
   7.8955426e-03
   7.7879216e-03
  -6.0502555e-02
   2.1920504e-02
   8.3989815e-03
  -6.5413234e-02
   2.7274926e-02
   8.8589600e-03
   8.8589600e-03
  -1.2991740e-02
   9.0711611e-03
   1.8507232e-02
   8.9643440e-03
   8.0061470e-03
   2.8100054e-02
   4.4731217e-02
   2.6445437e-02
   8.0103657e-03
   5.3785966e-02
   6.6133394e-03
   1.5829027e-02
   7.1414046e-03
  -3.4618576e+00
  -8.1253693e-02
   7.7879216e-03
   7.8243548e-03
   7.8243548e-03
   7.8243548e-03
   7.8243548e-03
   7.8243548e-03
   7.8243548e-03
   7.8243548e-03
   7.8243548e-03
   7.8243548e-03
   7.8243548e-03
   7.8243548e-03
   7.8243548e-03
   7.8243548e-03
   7.8243548e-03
   7.8243548e-03
   7.8243548e-03
   7.8243548e-03
   7.8243548e-03
   7.8243548e-03
   7.8243548e-03
   7.8243548e-03
   7.8243548e-03
   7.8243548e-03
   7.8243548e-03
   7.8243548e-03
   7.8243548e-03
   7.8243548e-03
   7.8243548e-03
   7.8243548e-03
   7.8243548e-03
   7.8243548e-03
   7.8243548e-03
   7.8243548e-03
   7.8243548e-03
   7.8243548e-03
   7.8243548e-03
   7.8243548e-03
   7.8243548e-03
   7.8243548e-03
   7.8243548e-03
   7.8243548e-03
   7.8243548e-03
   7.8243548e-03
   7.8243548e-03
   7.8243548e-03
   7.8243548e-03
   7.8243548e-03
   7.8243548e-03
   7.8243548e-03
   7.8243548e-03
   7.8243548e-03
   7.8243548e-03
   7.8243548e-03
   7.8243548e-03
   7.8243548e-03
   7.8243548e-03
   7.8243548e-03
   7.8243548e-03
   7.8243548e-03
   7.8243548e-03
   7.8243548e-03
   7.8243548e-03
   7.8243548e-03
  -3.3119678e-02
   8.0470746e-03
   1.5335696e-02
  -1.8660207e-04
  -2.6096746e-02
   1.8021129e-02
  -2.9927868e-02
   2.8156937e-02
   8.9643440e-03
   8.9643440e-03
   8.0061470e-03
   2.8100054e-02
   8.6843903e-03
   4.4154783e-02
   2.6352256e-02
   8.0565230e-03
   7.6889750e-02
   2.4232674e-02
   7.0998091e-03
  -2.1832065e+00
   1.1734368e-02
  -3.9280962e-02
   7.8243548e-03
   7.8243548e-03
   7.8243548e-03
   7.8243548e-03
   7.8243548e-03
   7.8243548e-03
   7.8243548e-03
   7.8243548e-03
   7.8243548e-03
   7.8243548e-03
   7.8243548e-03
   7.8243548e-03
   7.8243548e-03
   7.8243548e-03
   7.8243548e-03
   7.8243548e-03
   7.8243548e-03
  -6.0502555e-02
   2.1920504e-02
   8.3989815e-03
  -6.5413234e-02
   2.7274926e-02
   8.8589600e-03
  -3.9266414e-04
  -3.5031195e-03
   1.8614049e-02
   1.0871714e-02
   8.6811634e-03
   1.8393836e-02
   8.6843903e-03
   4.4154783e-02
   2.6352256e-02
   8.0565230e-03
   7.6889750e-02
   2.4232674e-02
   7.0998091e-03
  -2.1832065e+00
   1.1734368e-02
  -3.9280962e-02
   7.8243548e-03
   7.8243548e-03
   7.8243548e-03
   7.8243548e-03
   7.8243548e-03
   7.8243548e-03
   7.8243548e-03
   7.8243548e-03
   7.8243548e-03
   7.8243548e-03
   7.8243548e-03
   7.8243548e-03
   7.8243548e-03
   7.8243548e-03
   7.8243548e-03
   7.8243548e-03
   7.8243548e-03
   7.8243548e-03
   7.8243548e-03
   7.8243548e-03
   7.8243548e-03
   7.8243548e-03
   7.8243548e-03
   7.8243548e-03
   7.8243548e-03
   7.8243548e-03
   7.8243548e-03
   7.8243548e-03
   7.8243548e-03
   7.8243548e-03
   7.8243548e-03
   7.8243548e-03
   7.8243548e-03
   7.8243548e-03
   7.8243548e-03
   7.8243548e-03
   7.8243548e-03
   7.8243548e-03
   7.8243548e-03
   7.8243548e-03
   7.8243548e-03
   7.8243548e-03
   7.8243548e-03
   7.8243548e-03
   7.8243548e-03
   7.8243548e-03
   7.8243548e-03
   7.8243548e-03
   7.8243548e-03
   7.8243548e-03
   7.8243548e-03
   7.8243548e-03
   7.8243548e-03
   7.8243548e-03
   7.8243548e-03
   7.8243548e-03
   7.8243548e-03
   7.8243548e-03
   7.8243548e-03
   7.8243548e-03
   7.8243548e-03
   7.8243548e-03
   7.8243548e-03
   7.8243548e-03
   7.8243548e-03
   7.8243548e-03
   7.8243548e-03
   7.8243548e-03
   7.8243548e-03
   7.8243548e-03
   7.8243548e-03
   7.8243548e-03
   7.7891004e-03
   7.8955426e-03
   7.7879216e-03
   7.8243548e-03
  -6.0502555e-02
   2.1920504e-02
   8.3989815e-03
  -6.5413234e-02
   2.7274926e-02
   8.8589600e-03
   8.8589600e-03
  -2.9927868e-02
   2.8156937e-02
   8.9643440e-03
   8.0061470e-03
   2.8100054e-02
   8.6843903e-03
   3.3517212e-02
   8.1313865e-03
   1.7166958e-02
  -1.5808202e-03
   6.1520789e-02
   1.5418903e-02
   5.9169721e-02
  -2.2365536e+00
  -3.4255997e-02
   7.8243548e-03
   7.8243548e-03
   7.8243548e-03
   7.8243548e-03
   7.8243548e-03
   7.8243548e-03
   7.8243548e-03
   7.8243548e-03
   7.8243548e-03
   7.8243548e-03
   7.7891004e-03
   7.8955426e-03
   7.7879216e-03
  -6.0502555e-02
   2.1920504e-02
   8.3989815e-03
  -6.5413234e-02
   2.7274926e-02
   8.8589600e-03
   8.8589600e-03
  -2.9927868e-02
   2.8156937e-02
   8.9643440e-03
   8.0061470e-03
   2.8100054e-02
   8.6843903e-03
   8.6843903e-03
   4.4154783e-02
   2.6352256e-02
   8.0565230e-03
   5.3193475e-02
   6.6896854e-03
   1.5870623e-02
   5.9169721e-02
  -2.2365536e+00
  -3.4255997e-02
   7.8243548e-03
   7.8243548e-03
   7.8243548e-03
   7.8243548e-03
   7.8243548e-03
   7.8243548e-03
   7.8243548e-03
   7.8243548e-03
   7.8243548e-03
   7.8243548e-03
   7.8243548e-03
   7.8243548e-03
   7.8243548e-03
   7.8243548e-03
   7.8243548e-03
   7.8243548e-03
   7.8243548e-03
   7.8243548e-03
   7.8243548e-03
   7.8243548e-03
   7.8243548e-03
   7.8243548e-03
   7.8243548e-03
   7.8243548e-03
   7.8243548e-03
   7.8243548e-03
   7.8243548e-03
   7.8243548e-03
   7.8243548e-03
   7.8243548e-03
   7.8243548e-03
   7.8243548e-03
   7.8243548e-03
   7.8243548e-03
   7.8243548e-03
   7.8243548e-03
   7.8243548e-03
   7.8243548e-03
   7.8243548e-03
   7.8243548e-03
   7.8243548e-03
   7.8243548e-03
   7.8243548e-03
   7.8243548e-03
   7.8243548e-03
   7.8243548e-03
   7.8243548e-03
   7.8243548e-03
   7.8243548e-03
   7.8243548e-03
   7.8243548e-03
   7.8243548e-03
   7.8243548e-03
   7.8243548e-03
   7.8243548e-03
   7.8243548e-03
  -6.0502555e-02
   2.1920504e-02
   8.3989815e-03
   8.3989815e-03
  -3.5425265e-02
   8.7673329e-03
   1.8112757e-02
  -1.2991740e-02
   9.0711611e-03
   1.8507232e-02
   8.0061470e-03
   2.8100054e-02
   8.6843903e-03
   8.6843903e-03
   4.4154783e-02
   2.6352256e-02
   8.0565230e-03
  -1.5808202e-03
   6.1520789e-02
   1.5418903e-02
  -3.4618576e+00
  -8.1253693e-02
   7.7879216e-03
   7.8243548e-03
   7.8243548e-03
   7.8243548e-03
   7.8243548e-03
   7.8243548e-03
   7.8243548e-03
   7.8243548e-03
   7.8243548e-03
   7.8243548e-03
   7.8243548e-03
   7.8243548e-03
   7.8243548e-03
   7.8243548e-03
   7.7891004e-03
   7.8955426e-03
   7.7879216e-03
   7.8243548e-03
  -6.0502555e-02
   2.1920504e-02
   8.3989815e-03
  -6.5413234e-02
   2.7274926e-02
   8.8589600e-03
   8.8589600e-03
  -2.9927868e-02
   2.8156937e-02
   8.9643440e-03
   8.0061470e-03
   2.8100054e-02
   8.6843903e-03
  -9.5343328e-04
   4.2328379e-02
   1.7241821e-02
   5.3785966e-02
   6.6133394e-03
   1.5829027e-02
   7.1414046e-03
  -3.4703265e+00
  -8.1324880e-02
   7.8243548e-03
   7.8243548e-03
   7.8243548e-03
   7.8243548e-03
   7.8243548e-03
   7.8243548e-03
   7.8243548e-03
   7.8243548e-03
   7.8243548e-03
   7.8243548e-03
   7.8243548e-03
   7.8243548e-03
   7.8243548e-03
   7.8243548e-03
   7.8243548e-03
   7.8243548e-03
   7.8243548e-03
   7.8243548e-03
   7.8243548e-03
   7.8243548e-03
   7.8243548e-03
   7.8243548e-03
   7.8243548e-03
   7.8243548e-03
   7.8243548e-03
   7.8243548e-03
   7.8243548e-03
   7.8243548e-03
   7.8243548e-03
   7.8243548e-03
   7.8243548e-03
   7.8243548e-03
   7.8243548e-03
   7.8243548e-03
   7.8243548e-03
   7.8243548e-03
   7.8243548e-03
   7.8243548e-03
   7.8243548e-03
   7.8243548e-03
   7.8243548e-03
   7.8243548e-03
   7.8243548e-03
   7.8243548e-03
   7.8243548e-03
   7.8243548e-03
   7.8243548e-03
   7.8243548e-03
   7.8243548e-03
   7.8243548e-03
   7.8243548e-03
   7.8243548e-03
   7.8243548e-03
   7.8243548e-03
   7.8243548e-03
   7.8243548e-03
   7.8243548e-03
   7.8243548e-03
   7.8243548e-03
   7.8243548e-03
   7.8243548e-03
   7.8243548e-03
   7.8243548e-03
   7.8243548e-03
   7.8243548e-03
   7.8243548e-03
   7.8243548e-03
   7.8243548e-03
   7.8243548e-03
   7.8243548e-03
   7.8243548e-03
  -6.0502555e-02
   2.1920504e-02
   8.3989815e-03
  -1.8660207e-04
  -2.6096746e-02
   1.8021129e-02
  -1.2991740e-02
   9.0711611e-03
   1.8507232e-02
   8.9643440e-03
   8.0061470e-03
   2.8100054e-02
   8.6843903e-03
   4.4154783e-02
   2.6352256e-02
   8.0565230e-03
   7.6889750e-02
   2.4232674e-02
   7.0998091e-03
  -2.1832065e+00
   1.1734368e-02
  -3.9280962e-02
   7.8243548e-03
   7.8243548e-03
   7.8243548e-03
   7.8243548e-03
   7.8243548e-03
   7.8243548e-03
   7.8243548e-03
   7.8243548e-03
   7.8243548e-03
   7.8243548e-03
   7.8243548e-03
   7.8243548e-03
   7.8243548e-03
   7.8243548e-03
   7.8243548e-03
  -6.0502555e-02
   2.1920504e-02
   8.3989815e-03
  -6.5413234e-02
   2.7274926e-02
   8.8589600e-03
  -2.9927868e-02
   2.8156937e-02
   8.9643440e-03
  -7.7893809e-01
