   1.4288950e-03
   2.2572238e-02
  -1.9720283e-02
  -1.9712810e-02
   4.3716980e-02
  -4.0857552e-02
   4.3716980e-02
  -4.0857552e-02
   2.2573637e-02
   2.2572238e-02
   2.2572466e-02
  -9.3676591e-01
   8.3609780e-01
   2.4233214e-01
  -9.0728672e-01
  -1.2780133e-01
   1.2257596e+00
  -7.4237102e-01
  -8.8349780e-01
   2.7000229e+00
  -1.5633610e+00
  -1.1720464e+00
   1.0139121e+00
   9.6317121e-01
  -2.8131879e+00
   2.3639719e+00
   1.5155140e-01
  -5.7038704e-01
  -1.1921830e+00
   1.4880210e+00
  -2.2589406e-01
   1.8126762e+00
   1.3120045e-01
   3.5492615e-02
   7.1792335e-01
  -7.8423006e-01
   8.8730137e-01
  -2.7525958e+00
   4.8798878e-01
  -2.1331531e+00
   1.3518241e+00
   3.9997417e-02
   2.6848272e-03
   2.2991921e-01
  -1.7885227e-01
  -5.2748677e-02
  -4.4181102e-02
   2.0835598e-02
   2.4313348e-01
  -5.2754137e-01
   2.9830895e-01
   2.2670671e-02
   1.4200192e-03
   1.4200192e-03
   1.4200192e-03
   1.4200192e-03
   1.4200192e-03
   1.4200192e-03
   1.4200192e-03
   1.4200192e-03
   1.4200192e-03
   1.4200192e-03
   1.4200192e-03
   1.4200192e-03
   1.4200192e-03
   1.4200192e-03
   1.4200192e-03
   1.4200192e-03
   1.4200192e-03
   1.4200192e-03
   1.4200192e-03
   1.4200192e-03
   1.4200192e-03
   1.4200192e-03
   1.4200192e-03
   1.4200192e-03
   1.4200192e-03
   1.4200192e-03
   1.4200192e-03
   1.4200192e-03
   1.4200192e-03
   1.4200192e-03
   1.4200192e-03
   1.4200192e-03
   1.4200192e-03
   1.4200192e-03
   1.4200192e-03
   1.4200192e-03
   1.4200192e-03
   1.4200192e-03
  -8.9736984e-02
  -9.9643489e-01
   1.2088801e+00
   9.2204017e-02
  -6.1673658e-01
  -8.9701575e-01
   1.6014919e+00
  -1.0821944e+00
  -3.4614696e-02
   1.2778881e+00
  -4.8002165e-01
  -1.6586370e+00
   2.0919053e+00
  -1.3889692e+00
   2.7764442e-01
   1.7199883e+00
  -3.2403644e-01
  -1.7714158e+00
  -6.6269950e-02
   1.6523124e+00
   7.8714651e-01
   4.3691047e-01
   3.9300022e-01
   2.2474696e-01
  -3.5357348e-01
   7.2855690e-01
  -3.0773358e+00
  -1.1768299e-01
   2.4101952e-01
  -1.1212719e-01
  -7.0002027e-02
   1.7525861e-01
  -1.0014791e-01
   4.6422750e-03
  -5.0696127e-02
   4.6260083e-02
  -8.2422850e-02
  -1.2076076e+00
   1.5111102e+00
  -3.6362976e-01
  -1.2808815e+00
   1.7242308e+00
  -7.0563734e-02
  -1.8679362e+00
   2.4674271e+00
  -2.3505815e-01
  -3.1161139e+00
   3.3585516e+00
  -3.9659095e-01
  -1.5934421e+00
   2.7269750e-01
   1.6371117e+00
  -9.6506326e-01
  -1.0913435e+00
   1.3490491e+00
   9.0818014e-02
   7.3420276e-01
   1.9958140e+00
  -1.0772736e+00
  -7.1388691e-04
   1.1645416e-01
   1.6330567e-01
  -1.1724769e+00
  -1.2107254e+00
   4.3289539e-02
  -3.4519012e-02
  -7.2945966e-02
   1.4557213e-01
  -1.3279760e-01
   1.2439730e-01
  -5.4253107e-02
  -4.7391799e-02
   8.6234276e-02
   2.1296639e-01
  -8.4173747e-01
   5.9479642e-01
   1.4679517e-03
   1.4333279e-03
   2.2629651e-02
  -1.9768827e-02
   1.4288950e-03
   1.4288950e-03
   1.4288950e-03
   1.4288950e-03
   1.4288950e-03
  -1.9761360e-02
   4.3827373e-02
  -4.0959082e-02
   2.2631050e-02
   2.2629651e-02
  -4.0959082e-02
   2.2631050e-02
   1.4333279e-03
   2.2629651e-02
  -4.0959082e-02
   2.2631050e-02
   1.4333279e-03
   2.2629651e-02
  -1.9768827e-02
  -1.9761360e-02
   4.3827373e-02
  -1.9768827e-02
  -1.9761360e-02
   2.2631050e-02
   2.2629651e-02
  -1.9768827e-02
   1.4288950e-03
   1.4288950e-03
  -1.9761360e-02
   2.2631050e-02
   1.4333279e-03
   1.4333279e-03
   2.2629651e-02
  -4.0959082e-02
   2.2631050e-02
   2.2629651e-02
  -4.0959082e-02
   2.2631050e-02
   2.2629651e-02
  -1.9768827e-02
   1.4288950e-03
  -2.0010601e-02
  -8.1517239e-01
   7.3517778e-01
   2.4121784e-01
  -6.4037394e-01
  -5.0445395e-01
   1.2967486e+00
  -1.0476032e-01
  -1.8820269e+00
   1.9807450e+00
   2.4453462e-01
  -2.4674579e+00
   3.1488594e+00
  -1.0748849e+00
  -1.2436203e+00
  -3.6850037e-02
   2.0230720e+00
  -8.7201809e-01
  -1.3571158e+00
   1.3526592e+00
   5.3485031e-01
   1.2560171e+00
   8.0047681e-01
  -7.4064666e-01
  -1.9290653e-01
   9.9222876e-01
  -1.7706394e+00
  -8.0579362e-01
  -1.6042334e+00
   1.1589629e+00
   6.1161927e-03
   3.7014336e-02
   2.7420394e-03
   2.3588591e-03
  -1.4607187e-01
   1.5683712e-01
  -4.3474274e-02
   6.0920960e-02
  -8.3825537e-02
   4.9172223e-01
  -1.7747623e+00
   7.1626016e-01
   5.4998646e-01
  -1.0185585e+00
   5.0346244e-01
   8.1941731e-01
  -1.4158538e+00
   4.3666728e-02
   2.6594499e+00
  -6.4145003e-01
  -2.6306183e+00
   3.6557671e-01
   2.2877675e+00
  -1.7312781e+00
  -7.6592471e-01
   2.1408403e+00
  -7.5877343e-01
  -1.2915346e+00
   1.7586346e+00
   1.0045689e+00
   3.2596441e-01
  -2.2550291e-03
   9.6988244e-01
  -1.0083836e+00
   7.6322555e-01
  -2.6279771e+00
  -7.7901639e-02
  -9.5311253e-01
   1.4446882e+00
  -6.0136167e-01
   2.6635964e-03
  -3.0263738e-02
   1.4171606e-03
   3.0329307e-02
   1.2392475e-01
  -2.3801647e-01
   6.6818692e-01
  -9.0342891e-01
   1.5277987e-01
   1.5369996e-01
   1.0979546e-01
   1.4686685e-03
   1.4686685e-03
   1.4686685e-03
   1.4686685e-03
   1.4686685e-03
   1.4686685e-03
   1.4686685e-03
   1.4686685e-03
   1.4686685e-03
   1.4686685e-03
   1.4686685e-03
   1.4686685e-03
   1.4686685e-03
   1.4686685e-03
   1.4686685e-03
   1.4686685e-03
   1.4686685e-03
   1.4686685e-03
   1.4686685e-03
   1.4686685e-03
   1.4686685e-03
   1.4686685e-03
   1.4686685e-03
   1.4686685e-03
   1.4686685e-03
   1.4686685e-03
   1.4686685e-03
   1.4686685e-03
   1.4686685e-03
   1.4686685e-03
   1.4686685e-03
   1.4686685e-03
   1.4686685e-03
   1.4686685e-03
   1.4686685e-03
   1.4686685e-03
   1.4686685e-03
   1.4686685e-03
   1.4686685e-03
   1.4686685e-03
   1.4686685e-03
   1.4686685e-03
   1.4686685e-03
   1.4686685e-03
   1.4686685e-03
   1.4686685e-03
   1.4686685e-03
   1.4686685e-03
   1.4686685e-03
   1.4686685e-03
   1.4686685e-03
   1.4686685e-03
   1.4686685e-03
   1.4686685e-03
   1.4686685e-03
   1.4686685e-03
   1.4686685e-03
  -7.1201363e-01
   4.2215337e-01
   3.6315127e-01
  -6.2329506e-01
  -2.8787805e-01
   1.2015034e+00
   4.1893274e-03
  -1.8926610e+00
   2.3081070e+00
  -1.4048479e+00
  -9.6913731e-01
   2.6683196e+00
  -1.9523213e+00
   1.4342115e+00
  -2.2447560e+00
   2.3480805e+00
  -2.3628595e+00
   1.8899755e+00
   1.0897228e-03
   4.9256685e-01
   2.1014877e+00
  -8.6397829e-01
  -1.1296962e-01
   1.0603221e+00
  -1.0414566e+00
  -9.2789584e-01
  -1.0873689e+00
  -6.3499435e-01
   7.8222397e-01
  -1.4358944e-01
   3.6485842e-02
  -6.4301596e-02
   2.8972821e-03
   2.1757012e-03
  -7.0816108e-02
  -8.0510818e-01
   1.5616848e-01
   1.8358732e+00
  -1.4863231e+00
  -8.6572673e-01
   1.6817546e+00
  -5.1697807e-01
  -1.3771617e+00
   3.0030013e+00
  -2.2030891e+00
   2.0170394e+00
  -3.9700285e+00
   2.8241759e+00
  -1.1640659e-01
  -1.4369460e+00
   1.8870296e+00
  -6.8145461e-02
  -1.9449704e+00
   1.6193793e+00
   8.7476990e-02
   1.0210607e+00
   6.2716379e-01
   7.8802561e-01
  -8.2954617e-01
   4.1330708e-02
   8.4086759e-01
  -2.5872015e+00
  -8.4330933e-01
   5.5974024e-01
  -1.1344484e-01
   4.0336402e-02
  -6.7139523e-02
   3.4842904e-02
   3.1102186e-03
  -2.6284330e-02
   5.0761027e-02
  -1.9432477e-02
   1.3117628e-01
  -3.9549644e-01
   4.3485948e-01
  -1.5055684e-01
   1.4981427e-03
   1.3942712e-03
   1.4288950e-03
   1.4288950e-03
   1.4288950e-03
   1.4288950e-03
   1.3987040e-03
   1.4679517e-03
   1.4333279e-03
   1.4333279e-03
   1.4333279e-03
   1.4635188e-03
   1.3640802e-03
   1.4981427e-03
   1.3942712e-03
   1.4288950e-03
   1.4288950e-03
   1.4288950e-03
   1.3987040e-03
   1.4679517e-03
   1.4333279e-03
   1.4635188e-03
   1.3640802e-03
   1.4981427e-03
   1.3942712e-03
   1.3987040e-03
   1.4981427e-03
   1.3640802e-03
   1.4679517e-03
   1.4333279e-03
   1.4333279e-03
   1.4333279e-03
   1.4333279e-03
   1.4635188e-03
   1.3640802e-03
   1.4679517e-03
   1.4333279e-03
   1.4333279e-03
  -5.5572968e-01
  -3.4669540e-01
   1.5207565e+00
  -3.1243300e-01
  -1.7341865e+00
   1.0685175e+00
   9.1789792e-01
  -2.0830091e+00
   1.4896779e+00
   4.8250777e-01
  -6.0012127e-01
  -1.0518752e+00
   1.6126990e+00
  -1.1579708e-01
  -1.7711499e+00
   2.1502477e+00
  -2.5320306e-01
  -1.3901164e+00
   4.0905641e-01
   8.4230336e-01
   6.4120486e-01
   8.8783252e-01
  -1.0124648e-03
   1.0814659e+00
  -1.0988034e+00
   1.0003907e+00
  -2.0596294e+00
  -9.6533964e-01
  -1.1763630e-01
  -1.5348465e-01
   2.2768264e-01
   1.7220486e-03
   6.9810521e-02
  -1.2136911e-01
   8.5341276e-02
   2.6478831e-02
  -7.9900619e-02
   4.8978549e-01
  -1.0667957e+00
   7.8292772e-01
  -1.1413635e+00
   8.5420493e-01
   3.2639254e-02
   7.8531405e-01
  -2.0967475e+00
   9.5607148e-01
   2.6389554e-01
  -1.1882783e+00
   2.0970941e+00
   1.2380751e-01
  -1.9394842e+00
  -1.1952102e-01
   1.6024372e+00
  -4.3388654e-01
  -9.2531597e-01
   1.2681359e+00
   4.6044621e-01
  -2.1312850e+00
   6.8537274e-01
   8.6589148e-01
   1.6629211e+00
  -7.1788888e-02
   8.5744236e-01
  -9.1675307e-01
   7.8493355e-02
   8.8824439e-01
  -3.8062381e+00
   8.5121105e-01
  -1.5434813e-01
   4.0881387e-02
   7.6265869e-02
   7.3309038e-02
  -1.5902592e-01
   6.1567256e-02
   1.9614826e-03
  -2.0877283e-02
   4.1490532e-02
   6.2921962e-02
   2.1436156e-01
  -4.5277226e-01
   1.9359960e-01
  -4.1443841e-02
   1.3709654e-03
   1.3709654e-03
   1.3709654e-03
   1.3709654e-03
   1.3709654e-03
   1.3709654e-03
   1.3709654e-03
   1.3709654e-03
   1.3709654e-03
   1.3709654e-03
   1.3709654e-03
   1.3709654e-03
   1.3709654e-03
   1.3709654e-03
   1.3709654e-03
   1.3709654e-03
   1.3709654e-03
   1.3709654e-03
   1.3709654e-03
   1.3709654e-03
   1.3709654e-03
   1.3709654e-03
   1.3709654e-03
   1.3709654e-03
   1.3709654e-03
   1.3709654e-03
   1.3709654e-03
   1.3709654e-03
   1.3709654e-03
   1.3709654e-03
   1.3709654e-03
   1.3709654e-03
   1.3709654e-03
   1.3709654e-03
   1.3709654e-03
   1.3709654e-03
   1.3709654e-03
   1.3709654e-03
   1.3709654e-03
   1.3709654e-03
   1.3709654e-03
   1.3709654e-03
   1.3709654e-03
   1.3709654e-03
   1.3709654e-03
   1.3709654e-03
   1.3709654e-03
   1.3709654e-03
   1.3709654e-03
   1.3709654e-03
   6.5295369e-02
  -5.7194243e-01
  -7.1959399e-01
   1.8300246e+00
  -1.5989916e+00
   2.3469083e-01
   1.1267016e+00
  -3.6767764e-01
  -1.7860645e+00
   3.0308511e+00
  -1.6346818e+00
  -1.2088639e+00
   1.7411184e+00
   2.4701016e-01
  -1.8015958e+00
   1.2930208e+00
   7.6710508e-01
  -1.0240472e+00
  -3.9226948e-01
   9.6606880e-01
   3.6351974e-01
   1.3623924e+00
   8.4385171e-01
  -8.9427202e-01
  -1.5386404e-01
   1.2379517e+00
  -2.2195718e+00
  -1.0906179e+00
   1.2418166e-01
   2.6162979e-03
  -3.5426190e-02
   3.8987991e-02
   3.6127534e-03
  -1.2324436e-01
   1.1432860e-01
  -4.8824205e-02
   1.1220783e-01
   1.4427720e-01
  -1.5238454e+00
   6.0464245e-01
   1.7647094e+00
  -1.8560695e+00
  -4.4865245e-01
   1.6970646e+00
  -1.2635520e+00
   1.2046267e-01
   1.2304745e+00
  -3.1924050e-01
  -1.7791391e+00
   1.9746199e+00
   4.9583331e-03
  -1.7896528e+00
   2.0001154e+00
  -2.1464862e-01
  -3.1955035e-02
  -1.7078671e+00
   1.4904543e+00
   7.0312995e-01
   1.0194185e+00
   9.4058677e-01
  -8.8754585e-01
  -2.2954710e-01
   1.1144959e+00
  -1.6921812e+00
  -2.4275375e+00
   1.3671009e+00
  -3.5293518e-01
   7.9550624e-02
  -7.0928533e-02
   3.7040226e-02
   9.6734899e-02
  -1.1483144e-01
  -5.0177927e-02
   1.1192568e-01
   8.5639540e-02
  -4.1478798e-02
  -5.0870491e-01
   4.2843092e-01
   1.4768073e-03
   1.4723812e-03
   1.4031335e-03
   1.4377574e-03
   1.4377574e-03
   1.4377574e-03
   1.4377574e-03
   1.4075596e-03
   1.4768073e-03
   1.4421835e-03
   1.4421835e-03
   1.4723812e-03
   1.3729358e-03
   1.5070050e-03
   1.3729358e-03
   1.5070050e-03
   1.3729358e-03
   1.4768073e-03
   1.4421835e-03
   1.4421835e-03
   1.4421835e-03
   1.4421835e-03
   1.4421835e-03
   1.4723812e-03
   1.4031335e-03
   1.4075596e-03
   1.4768073e-03
   1.4421835e-03
   1.4421835e-03
   1.4421835e-03
   1.4421835e-03
   1.4421835e-03
   1.4421835e-03
   1.4421835e-03
   1.4723812e-03
   1.3729358e-03
   1.5070050e-03
   1.3729358e-03
   1.4768073e-03
   1.4421835e-03
   1.4421835e-03
   1.4421835e-03
   1.2004785e-03
  -1.0211581e+00
   1.1161696e+00
   3.5059278e-02
  -1.0864242e+00
   6.3890464e-01
   1.0406736e+00
  -8.8828211e-01
  -1.5586290e+00
   2.8772101e+00
  -1.3611180e+00
   2.8492518e-01
  -1.2159859e+00
   1.2563632e+00
  -7.1405651e-01
  -7.5554469e-02
   1.3144075e+00
  -2.9037396e-01
  -1.2423669e+00
   1.9014181e-01
   1.2620771e+00
   2.2172040e-01
   1.0987060e+00
   8.4158556e-01
  -8.7023048e-01
  -1.5653501e-01
   1.1680359e+00
  -1.7395632e+00
  -1.9784582e+00
   5.2008983e-01
   2.1124478e-03
   1.1446824e-01
  -2.1144648e-01
   2.3917397e-01
  -1.2270230e-01
   5.8462916e-02
  -5.1860027e-02
   2.4515345e-02
  -1.1266037e-01
  -4.1007027e-02
  -5.8888780e-01
   5.7657257e-01
   3.1978859e-01
  -8.5937675e-02
  -1.3465270e+00
   1.2033733e+00
   4.0148131e-01
  -1.4916250e+00
   2.4144165e-01
   2.5297763e+00
  -3.4677887e+00
   1.3774212e+00
   1.5660592e+00
  -1.9301853e+00
   1.1206811e-03
   1.1863356e+00
  -8.5214739e-01
  -7.8772728e-01
   1.9098118e+00
  -7.5686936e-01
   2.7696232e+00
  -8.3607350e-01
  -3.9074861e-02
   8.6970067e-01
  -1.1046603e+00
   3.6285946e-01
  -2.6296653e+00
   4.4566534e-01
  -1.5623052e-01
   8.0896689e-02
  -7.0221484e-02
   2.4872792e-01
  -2.6250418e-01
   9.1986486e-02
   7.2486637e-04
   7.1595980e-02
  -1.6450766e-01
   2.1093048e-02
   2.4102866e-02
   2.1971085e-01
  -1.6655365e-01
   2.2041512e-02
   1.3977713e-03
   1.3977713e-03
   1.3977713e-03
   1.3676037e-03
   1.4670190e-03
   1.3631475e-03
   1.3977713e-03
   1.3676037e-03
   1.4368514e-03
   1.4323952e-03
   1.3631475e-03
   1.3977713e-03
   1.3977713e-03
   1.3977713e-03
   1.3977713e-03
   1.3676037e-03
   1.4368514e-03
   1.4022275e-03
   1.4323952e-03
   1.3631475e-03
   1.3977713e-03
   1.3977713e-03
   1.3977713e-03
   1.3977713e-03
   1.3977713e-03
   1.3977713e-03
   1.3977713e-03
   1.3977713e-03
   1.3676037e-03
   1.4670190e-03
   1.3631475e-03
   1.3977713e-03
   1.3676037e-03
   1.4670190e-03
   1.3631475e-03
   1.3977713e-03
   1.3977713e-03
   1.3977713e-03
   1.3977713e-03
   1.3977713e-03
   1.3977713e-03
  -8.6829397e-01
   5.5916342e-01
   4.5466568e-03
   9.3121259e-01
  -2.2494785e+00
   1.9785014e+00
  -6.9916550e-01
  -1.0857710e+00
   2.1135966e+00
  -5.1663667e-01
  -2.0201935e+00
   2.2640142e+00
   4.4894967e-02
  -1.7894561e+00
   1.4712193e+00
   1.8307514e-01
  -1.4350005e+00
   5.0634289e-01
   8.8313281e-01
   6.5588017e-02
   2.3308968e+00
  -1.0395684e+00
   2.5981357e-01
   6.5669032e-01
  -9.1742229e-01
  -1.1953914e-01
  -1.8139279e+00
  -3.8049667e-02
   3.3041826e-03
   2.6272351e-03
  -3.1989554e-02
   1.3559261e-01
  -1.2008149e-01
   1.6822232e-03
   7.5436797e-02
  -6.4420779e-02
   6.3593662e-02
  -6.2645805e-01
  -4.4187169e-01
   1.1655483e+00
  -3.2281626e-01
  -1.2710762e+00
   1.7837068e+00
  -2.9156753e-01
  -1.6772127e+00
   2.1473771e+00
  -2.7614453e-01
  -1.8216919e+00
   1.7401495e+00
   2.4281803e-01
  -7.4256647e-01
  -6.7422828e-01
   1.9823853e+00
  -1.0186789e+00
  -1.3385561e+00
   1.9273614e+00
   7.1617708e-01
   4.6646241e-01
   1.7392919e-01
   6.7648732e-01
  -5.8601730e-01
   7.1728908e-01
  -2.5869720e+00
  -3.6146375e-01
  -1.1736718e-01
   3.1694305e-01
  -1.0076446e+00
   1.0797853e+00
  -3.0432693e-01
   3.1593222e-03
   2.9479160e-02
  -4.9062390e-02
  -1.8565566e-02
   6.0510022e-01
  -1.0826625e+00
   5.1178535e-01
   2.2303679e-02
  -1.9852432e-02
   1.3799137e-03
   1.3799137e-03
   1.3799137e-03
   1.3799137e-03
   1.3799137e-03
   1.3799137e-03
   1.3799137e-03
   1.3799137e-03
   1.3799137e-03
   1.3799137e-03
   1.3799137e-03
   1.3799137e-03
   1.3799137e-03
   1.3799137e-03
   1.3799137e-03
   1.3799137e-03
   1.3799137e-03
   1.3799137e-03
   1.3799137e-03
   1.3799137e-03
   1.3799137e-03
   1.3799137e-03
   1.3799137e-03
   1.3799137e-03
   1.3799137e-03
   1.3799137e-03
   1.3799137e-03
   1.3799137e-03
   1.3799137e-03
   1.3799137e-03
   1.3799137e-03
   1.3799137e-03
   1.3799137e-03
   1.3799137e-03
   1.3799137e-03
   1.3799137e-03
   1.3799137e-03
   1.3799137e-03
   1.3799137e-03
   1.3799137e-03
   1.3799137e-03
   2.9428282e-01
  -1.6660917e+00
   8.2565046e-01
   1.3010388e+00
  -2.4623476e+00
   1.0989390e+00
   8.8042246e-01
  -8.6718174e-01
   3.1633799e-01
  -2.7493044e-01
   4.2826958e-02
  -8.8731307e-01
   1.7323477e+00
  -8.2913981e-01
  -7.7252748e-01
   1.9470774e+00
  -1.3407531e+00
  -9.4826107e-04
   3.2341016e-01
   5.0614821e-01
   1.0364425e+00
   4.7271727e-01
   8.1524923e-01
  -8.3737684e-01
   1.0167420e+00
  -1.2385472e+00
  -1.6143979e+00
  -3.1937346e-01
  -3.7568944e-02
   1.2020159e-01
   3.6980968e-03
   1.6607977e-03
  -3.1568293e-02
  -3.0879605e-02
   3.2329617e-02
   4.8073042e-02
  -3.9579305e-02
  -2.3626594e-02
  -1.7156829e+00
   2.4611261e+00
  -5.9513677e-01
  -1.9784618e+00
   2.1429073e+00
   5.3427434e-01
  -2.0088511e+00
   4.7516456e-01
   1.0825143e+00
  -6.8269520e-01
  -8.0776317e-01
   1.5275133e+00
  -3.6248853e-02
  -2.1546595e+00
   2.7088404e+00
  -5.6177156e-01
  -2.2709671e+00
   2.4047184e+00
  -2.5670831e-01
   7.8021627e-01
   9.2824968e-01
   1.0098361e+00
  -9.8674743e-01
   6.7206214e-01
  -7.2258425e-01
  -1.2112060e+00
  -1.2872805e+00
   2.0177063e-01
   1.5680937e-01
   7.5111354e-02
  -1.0243296e-01
   3.5222383e-02
  -2.8404827e-02
   8.2929128e-02
  -2.0449929e-02
   1.2541040e-01
  -6.8531511e-01
   6.0510082e-01
  -6.2773428e-02
  -4.1326954e-02
   4.4021222e-02
  -1.9892402e-02
   1.4111300e-03
   1.4111300e-03
   1.4111300e-03
   1.4111300e-03
   1.4111300e-03
   1.4111300e-03
   1.4111300e-03
   1.4111300e-03
   1.4111300e-03
   1.4111300e-03
   1.4111300e-03
  -1.9884927e-02
   4.4021222e-02
  -1.9892402e-02
   1.4111300e-03
   1.4111300e-03
  -1.9884927e-02
   4.4021222e-02
  -1.9892402e-02
   1.4111300e-03
  -1.9884927e-02
   4.4021222e-02
  -1.9892402e-02
   1.4111300e-03
   1.4111300e-03
   1.4111300e-03
   1.4111300e-03
   1.4111300e-03
   1.4111300e-03
   1.4111300e-03
   1.4111300e-03
   1.4111300e-03
   1.4111300e-03
   1.4111300e-03
   1.4111300e-03
   1.4111300e-03
   1.4111300e-03
   1.4111300e-03
   1.4111300e-03
   1.4111300e-03
   1.4111300e-03
   1.4111300e-03
   1.4111300e-03
   1.4111300e-03
   1.4111300e-03
   1.4111300e-03
   1.4111300e-03
   1.4111300e-03
   1.4111300e-03
   1.4111300e-03
   1.4111300e-03
   1.4111300e-03
   1.4111300e-03
   1.4111300e-03
   1.4111300e-03
   1.4111300e-03
  -1.9884927e-02
   4.4021222e-02
  -1.9892402e-02
   1.4111300e-03
  -1.9884927e-02
   4.4021222e-02
  -1.9892402e-02
   1.4111300e-03
   1.4111300e-03
  -1.9884927e-02
   4.4021222e-02
  -1.9892402e-02
   1.4111300e-03
  -1.9884927e-02
   4.4021222e-02
  -1.9892402e-02
   1.4111300e-03
   1.4111300e-03
  -1.9884927e-02
   4.4021222e-02
  -1.9892402e-02
   1.4111300e-03
   1.4111300e-03
   1.4111300e-03
   1.4111300e-03
   1.4111300e-03
   1.4111300e-03
   1.4111300e-03
  -1.9884927e-02
   2.2719108e-02
   2.2717690e-02
  -1.9892402e-02
   1.4111300e-03
  -1.9884927e-02
   4.4021222e-02
  -1.9892402e-02
   1.4111300e-03
  -1.9884927e-02
   4.4021222e-02
  -1.9892402e-02
   1.4111300e-03
   1.4111300e-03
   1.4111300e-03
   1.4111300e-03
   1.4111300e-03
   1.4111300e-03
   1.4111300e-03
   1.4111300e-03
   1.4111300e-03
   1.4111300e-03
   1.4111300e-03
  -1.9884927e-02
   2.2719108e-02
   2.2717690e-02
  -4.1188459e-02
   4.4021222e-02
  -1.9892402e-02
   1.4111300e-03
   1.4111300e-03
   1.4111300e-03
   1.4111300e-03
   1.4111300e-03
   1.4111300e-03
   1.4111300e-03
  -1.9884927e-02
   4.4021222e-02
  -1.9892402e-02
  -1.9884927e-02
   4.4021222e-02
  -1.9892402e-02
   1.4111300e-03
   1.4111300e-03
   1.4111300e-03
   1.4111300e-03
   1.4111300e-03
   1.4111300e-03
   1.4111300e-03
   1.4111300e-03
   1.4111300e-03
  -1.9884927e-02
   4.4021222e-02
  -1.9892402e-02
   1.4111300e-03
  -1.9884927e-02
   4.4021222e-02
  -1.9892402e-02
  -1.9884927e-02
   4.4021222e-02
  -1.9892402e-02
   1.4111300e-03
   1.4111300e-03
   1.4111300e-03
   1.4111300e-03
   1.4111300e-03
   1.4111300e-03
   1.4111300e-03
   1.4111300e-03
   1.4111300e-03
   1.4111300e-03
   1.4111300e-03
   1.4111300e-03
   1.4111300e-03
   1.4111300e-03
   1.4111300e-03
   1.4111300e-03
   1.4111300e-03
   1.4111300e-03
  -6.7815082e-01
   2.1425715e-01
   6.1541253e-02
   1.5868768e+00
  -2.6291529e+00
   6.6551495e-01
   9.7494166e-01
  -1.8266934e+00
   1.5346998e+00
   1.0875487e+00
  -1.6159436e+00
  -9.2776097e-01
   1.9273657e+00
   5.2704656e-01
  -8.2881536e-01
  -1.7690256e+00
   1.8575165e+00
  -7.8494968e-01
  -6.9402279e-01
   1.3687095e+00
   8.7251884e-02
   1.8459281e+00
  -8.8764996e-01
   1.5825394e+00
  -8.8322297e-01
  -3.9827072e-02
   2.2169187e-03
  -1.5768970e+00
  -6.8296841e-01
   4.3244866e-02
   4.0117211e-02
   5.0310619e-03
   1.6518272e-03
  -9.2013119e-02
   6.0649887e-02
  -2.3574267e-02
   4.8586677e-02
  -2.2292729e-02
  -3.1242906e-01
   3.6519787e-01
  -1.6866563e-01
   1.0731363e-01
  -4.3459058e-01
  -1.8649857e-01
   6.5547644e-01
   2.0722861e-01
  -8.4112084e-01
  -1.0633983e+00
   2.8566689e+00
  -3.7146028e+00
   3.1546099e+00
  -7.6942375e-02
  -2.2980871e+00
   1.6197852e+00
   3.6439489e-01
  -8.2699162e-01
  -9.2263162e-01
   1.4083486e+00
   1.3808220e+00
  -2.9154156e+00
   8.6959099e-01
   4.6953522e-01
   1.7876845e+00
   4.0403895e-01
  -1.4601883e-01
  -7.4587254e-04
   7.8783870e-01
  -7.2187862e-01
  -1.1711618e+00
  -1.0064435e+00
  -3.6788074e-02
   2.9102623e-03
   7.8250663e-02
  -1.3677880e-01
   9.9858210e-02
  -1.1996154e-01
   1.3505289e-01
  -7.0930318e-02
   6.3971027e-02
   9.4341561e-01
  -2.2690807e+00
   1.3330931e+00
  -4.2876273e-02
   3.2086259e-01
  -2.7467520e-01
   1.3799137e-03
   1.3799137e-03
   1.3799137e-03
   1.3799137e-03
   1.3799137e-03
   1.3799137e-03
   1.3799137e-03
   1.3799137e-03
   1.3799137e-03
   1.3799137e-03
   1.3799137e-03
   1.3799137e-03
   1.3799137e-03
   1.3799137e-03
   1.3799137e-03
   1.3799137e-03
   1.3799137e-03
  -1.9810305e-02
   4.3778392e-02
  -1.9817808e-02
   1.3799137e-03
   1.3799137e-03
   1.3799137e-03
   1.3799137e-03
   1.3799137e-03
   1.3799137e-03
   1.3799137e-03
   1.3799137e-03
   1.3799137e-03
   1.3799137e-03
   1.3799137e-03
   1.3799137e-03
   1.3799137e-03
   1.3799137e-03
   1.3799137e-03
   1.3799137e-03
   1.3799137e-03
   1.3799137e-03
   1.3799137e-03
   1.3799137e-03
   1.3799137e-03
   1.3799137e-03
   1.3799137e-03
  -1.9810305e-02
   4.3778392e-02
  -1.6723136e-01
  -1.5177429e+00
   2.2258467e+00
  -1.2830565e+00
  -2.2339842e-01
   1.3803326e+00
  -4.3802122e-01
  -1.5224740e+00
   3.1817048e+00
  -2.3176917e+00
  -1.0059724e+00
   2.0282497e+00
   2.8503793e-01
  -2.3496438e-01
  -1.8068597e+00
   1.1533205e+00
   8.6395957e-01
  -1.7296437e+00
   3.9825617e-01
   8.6867187e-01
   4.6771505e-01
   1.1391324e+00
   8.9749680e-01
  -8.0810847e-01
   1.0325348e-03
   5.9370859e-01
  -1.0448887e+00
  -2.6283278e+00
   1.6112769e+00
  -6.7053634e-01
  -7.3530116e-02
   7.6519187e-02
  -6.5461111e-02
   9.9307139e-02
  -8.8805968e-02
  -2.3489100e-02
   7.0019936e-02
  -6.3257740e-02
  -1.9479506e-01
  -1.0527189e+00
   1.4292073e+00
   3.2619251e-01
  -1.8406203e+00
   8.2907415e-01
   5.9055307e-01
  -1.4067906e+00
   1.6696697e+00
   1.6547037e-01
  -1.0896695e+00
  -3.6189323e-01
   1.2820649e+00
   1.4876488e+00
  -3.5061064e+00
   9.9031495e-01
   1.3582923e+00
  -1.5019241e+00
  -1.9911083e-01
   1.3760378e+00
   4.2467230e-01
   1.3012262e+00
  -4.1988290e-01
   2.5399427e-01
   8.0824137e-01
  -1.0694423e+00
   4.4020036e-02
  -2.6716236e+00
   6.8775692e-01
  -1.1548279e-01
   1.1786106e-01
   7.4842899e-02
  -3.0198815e-01
   3.1850908e-01
  -1.7491764e-01
   7.9062210e-02
   2.2930181e-02
  -1.2703504e-01
   2.4639884e-01
  -1.2249772e-01
  -6.1361069e-05
  -1.9780942e-02
   1.4244588e-03
   1.4244588e-03
  -2.5148983e-01
   2.7592828e-01
  -1.9720283e-02
  -1.9712810e-02
   4.3716980e-02
  -4.0857552e-02
   4.3716980e-02
  -4.0857552e-02
   2.2573637e-02
   2.2572238e-02
   2.2572466e-02
  -9.3676591e-01
   8.3609780e-01
   2.4233214e-01
  -9.0728672e-01
  -1.2780133e-01
   1.2257596e+00
  -7.4237102e-01
  -8.8349780e-01
   2.7000229e+00
  -1.5633610e+00
  -1.1720464e+00
   1.0139121e+00
   9.6317121e-01
  -2.8131879e+00
   2.3639719e+00
   1.5155140e-01
  -5.7038704e-01
  -1.1921830e+00
   1.4880210e+00
  -2.2589406e-01
   1.8126762e+00
   1.3120045e-01
   3.5492615e-02
   7.1792335e-01
  -7.8423006e-01
   8.8730137e-01
  -2.7525958e+00
   4.8798878e-01
  -2.1331531e+00
   1.3518241e+00
   3.9997417e-02
   2.6848272e-03
   2.2991921e-01
  -1.7885227e-01
  -5.2748677e-02
  -4.4181102e-02
   2.0835598e-02
   2.4313348e-01
  -5.2754137e-01
   2.9830895e-01
   2.2670671e-02
   1.4200192e-03
   1.4200192e-03
   1.4200192e-03
   1.4200192e-03
   1.4200192e-03
   1.4200192e-03
   1.4200192e-03
   1.4200192e-03
   1.4200192e-03
   1.4200192e-03
   1.4200192e-03
   1.4200192e-03
   1.4200192e-03
   1.4200192e-03
   1.4200192e-03
   1.4200192e-03
   1.4200192e-03
   1.4200192e-03
   1.4200192e-03
   1.4200192e-03
   1.4200192e-03
   1.4200192e-03
   1.4200192e-03
   1.4200192e-03
   1.4200192e-03
   1.4200192e-03
   1.4200192e-03
   1.4200192e-03
   1.4200192e-03
   1.4200192e-03
   1.4200192e-03
   1.4200192e-03
   1.4200192e-03
   1.4200192e-03
   1.4200192e-03
   1.4200192e-03
   1.4200192e-03
   1.4200192e-03
  -8.9736984e-02
  -9.9643489e-01
   1.2088801e+00
   9.2204017e-02
  -6.1673658e-01
  -8.9701575e-01
   1.6014919e+00
  -1.0821944e+00
  -3.4614696e-02
   1.2778881e+00
  -4.8002165e-01
  -1.6586370e+00
   2.0919053e+00
  -1.3889692e+00
   2.7764442e-01
   1.7199883e+00
  -3.2403644e-01
  -1.7714158e+00
  -6.6269950e-02
   1.6523124e+00
   7.8714651e-01
   4.3691047e-01
   3.9300022e-01
   2.2474696e-01
  -3.5357348e-01
   7.2855690e-01
  -3.0773358e+00
  -1.1768299e-01
   2.4101952e-01
  -1.1212719e-01
  -7.0002027e-02
   1.7525861e-01
  -1.0014791e-01
   4.6422750e-03
  -5.0696127e-02
   4.6260083e-02
  -8.2422850e-02
  -1.2076076e+00
   1.5111102e+00
  -3.6362976e-01
  -1.2808815e+00
   1.7242308e+00
  -7.0563734e-02
  -1.8679362e+00
   2.4674271e+00
  -2.3505815e-01
  -3.1161139e+00
   3.3585516e+00
  -3.9659095e-01
  -1.5934421e+00
   2.7269750e-01
   1.6371117e+00
  -9.6506326e-01
  -1.0913435e+00
   1.3490491e+00
   9.0818014e-02
   7.3420276e-01
   1.9958140e+00
  -1.0772736e+00
  -7.1388691e-04
   1.1645416e-01
   1.6330567e-01
  -1.1724769e+00
  -1.2107254e+00
   4.3289539e-02
  -3.4519012e-02
  -7.2945966e-02
   1.4557213e-01
  -1.3279760e-01
   1.2439730e-01
  -5.4253107e-02
  -4.7391799e-02
   8.6234276e-02
   2.1296639e-01
  -8.4173747e-01
   5.9479642e-01
   1.4679517e-03
   1.4333279e-03
   2.2629651e-02
  -1.9768827e-02
   1.4288950e-03
   1.4288950e-03
   1.4288950e-03
   1.4288950e-03
   1.4288950e-03
  -1.9761360e-02
   4.3827373e-02
  -4.0959082e-02
   2.2631050e-02
   2.2629651e-02
  -4.0959082e-02
   2.2631050e-02
   1.4333279e-03
   2.2629651e-02
  -4.0959082e-02
   2.2631050e-02
   1.4333279e-03
   2.2629651e-02
  -1.9768827e-02
  -1.9761360e-02
   4.3827373e-02
  -1.9768827e-02
  -1.9761360e-02
   2.2631050e-02
   2.2629651e-02
  -1.9768827e-02
   1.4288950e-03
   1.4288950e-03
  -1.9761360e-02
   2.2631050e-02
   1.4333279e-03
   1.4333279e-03
   2.2629651e-02
  -4.0959082e-02
   2.2631050e-02
   2.2629651e-02
  -4.0959082e-02
   2.2631050e-02
   2.2629651e-02
  -1.9768827e-02
   1.4288950e-03
  -2.0010601e-02
  -8.1517239e-01
   7.3517778e-01
   2.4121784e-01
  -6.4037394e-01
  -5.0445395e-01
   1.2967486e+00
  -1.0476032e-01
  -1.8820269e+00
   1.9807450e+00
   2.4453462e-01
  -2.4674579e+00
   3.1488594e+00
  -1.0748849e+00
  -1.2436203e+00
  -3.6850037e-02
   2.0230720e+00
  -8.7201809e-01
  -1.3571158e+00
   1.3526592e+00
   5.3485031e-01
   1.2560171e+00
   8.0047681e-01
  -7.4064666e-01
  -1.9290653e-01
   9.9222876e-01
  -1.7706394e+00
  -8.0579362e-01
  -1.6042334e+00
   1.1589629e+00
   6.1161927e-03
   3.7014336e-02
   2.7420394e-03
   2.3588591e-03
  -1.4607187e-01
   1.5683712e-01
  -4.3474274e-02
   6.0920960e-02
  -8.3825537e-02
   4.9172223e-01
  -1.7747623e+00
   7.1626016e-01
   5.4998646e-01
  -1.0185585e+00
   5.0346244e-01
   8.1941731e-01
  -1.4158538e+00
   4.3666728e-02
   2.6594499e+00
  -6.4145003e-01
  -2.6306183e+00
   3.6557671e-01
   2.2877675e+00
  -1.7312781e+00
  -7.6592471e-01
   2.1408403e+00
  -7.5877343e-01
  -1.2915346e+00
   1.7586346e+00
   1.0045689e+00
   3.2596441e-01
  -2.2550291e-03
   9.6988244e-01
  -1.0083836e+00
   7.6322555e-01
  -2.6279771e+00
  -7.7901639e-02
  -9.5311253e-01
   1.4446882e+00
  -6.0136167e-01
   2.6635964e-03
  -3.0263738e-02
   1.4171606e-03
   3.0329307e-02
   1.2392475e-01
  -2.3801647e-01
   6.6818692e-01
  -9.0342891e-01
   1.5277987e-01
   1.5369996e-01
   1.0979546e-01
   1.4686685e-03
   1.4686685e-03
   1.4686685e-03
   1.4686685e-03
   1.4686685e-03
   1.4686685e-03
   1.4686685e-03
   1.4686685e-03
   1.4686685e-03
   1.4686685e-03
   1.4686685e-03
   1.4686685e-03
   1.4686685e-03
   1.4686685e-03
   1.4686685e-03
   1.4686685e-03
   1.4686685e-03
   1.4686685e-03
   1.4686685e-03
   1.4686685e-03
   1.4686685e-03
   1.4686685e-03
   1.4686685e-03
   1.4686685e-03
   1.4686685e-03
   1.4686685e-03
   1.4686685e-03
   1.4686685e-03
   1.4686685e-03
   1.4686685e-03
   1.4686685e-03
   1.4686685e-03
   1.4686685e-03
   1.4686685e-03
   1.4686685e-03
   1.4686685e-03
   1.4686685e-03
   1.4686685e-03
   1.4686685e-03
   1.4686685e-03
   1.4686685e-03
   1.4686685e-03
   1.4686685e-03
   1.4686685e-03
   1.4686685e-03
   1.4686685e-03
   1.4686685e-03
   1.4686685e-03
   1.4686685e-03
   1.4686685e-03
   1.4686685e-03
   1.4686685e-03
   1.4686685e-03
   1.4686685e-03
   1.4686685e-03
   1.4686685e-03
   1.4686685e-03
  -7.1201363e-01
   4.2215337e-01
   3.6315127e-01
  -6.2329506e-01
  -2.8787805e-01
   1.2015034e+00
   4.1893274e-03
  -1.8926610e+00
   2.3081070e+00
  -1.4048479e+00
  -9.6913731e-01
   2.6683196e+00
  -1.9523213e+00
   1.4342115e+00
  -2.2447560e+00
   2.3480805e+00
  -2.3628595e+00
   1.8899755e+00
   1.0897228e-03
   4.9256685e-01
   2.1014877e+00
  -8.6397829e-01
  -1.1296962e-01
   1.0603221e+00
  -1.0414566e+00
  -9.2789584e-01
  -1.0873689e+00
  -6.3499435e-01
   7.8222397e-01
  -1.4358944e-01
   3.6485842e-02
  -6.4301596e-02
   2.8972821e-03
   2.1757012e-03
  -7.0816108e-02
  -8.0510818e-01
   1.5616848e-01
   1.8358732e+00
  -1.4863231e+00
  -8.6572673e-01
   1.6817546e+00
  -5.1697807e-01
  -1.3771617e+00
   3.0030013e+00
  -2.2030891e+00
   2.0170394e+00
  -3.9700285e+00
   2.8241759e+00
  -1.1640659e-01
  -1.4369460e+00
   1.8870296e+00
  -6.8145461e-02
  -1.9449704e+00
   1.6193793e+00
   8.7476990e-02
   1.0210607e+00
   6.2716379e-01
   7.8802561e-01
  -8.2954617e-01
   4.1330708e-02
   8.4086759e-01
  -2.5872015e+00
  -8.4330933e-01
   5.5974024e-01
  -1.1344484e-01
   4.0336402e-02
  -6.7139523e-02
   3.4842904e-02
   3.1102186e-03
  -2.6284330e-02
   5.0761027e-02
  -1.9432477e-02
   1.3117628e-01
  -3.9549644e-01
   4.3485948e-01
  -1.5055684e-01
   1.4981427e-03
   1.3942712e-03
   1.4288950e-03
   1.4288950e-03
   1.4288950e-03
   1.4288950e-03
   1.3987040e-03
   1.4679517e-03
   1.4333279e-03
   1.4333279e-03
   1.4333279e-03
   1.4635188e-03
   1.3640802e-03
   1.4981427e-03
   1.3942712e-03
   1.4288950e-03
   1.4288950e-03
   1.4288950e-03
   1.3987040e-03
   1.4679517e-03
   1.4333279e-03
   1.4635188e-03
   1.3640802e-03
   1.4981427e-03
   1.3942712e-03
   1.3987040e-03
   1.4981427e-03
   1.3640802e-03
   1.4679517e-03
   1.4333279e-03
   1.4333279e-03
   1.4333279e-03
   1.4333279e-03
   1.4635188e-03
   1.3640802e-03
   1.4679517e-03
   1.4333279e-03
   1.4333279e-03
  -5.5572968e-01
  -3.4669540e-01
   1.5207565e+00
  -3.1243300e-01
  -1.7341865e+00
   1.0685175e+00
   9.1789792e-01
  -2.0830091e+00
   1.4896779e+00
   4.8250777e-01
  -6.0012127e-01
  -1.0518752e+00
   1.6126990e+00
  -1.1579708e-01
  -1.7711499e+00
   2.1502477e+00
  -2.5320306e-01
  -1.3901164e+00
   4.0905641e-01
   8.4230336e-01
   6.4120486e-01
   8.8783252e-01
  -1.0124648e-03
   1.0814659e+00
  -1.0988034e+00
   1.0003907e+00
  -2.0596294e+00
  -9.6533964e-01
  -1.1763630e-01
  -1.5348465e-01
   2.2768264e-01
   1.7220486e-03
   6.9810521e-02
  -1.2136911e-01
   8.5341276e-02
   2.6478831e-02
  -7.9900619e-02
   4.8978549e-01
  -1.0667957e+00
   7.8292772e-01
  -1.1413635e+00
   8.5420493e-01
   3.2639254e-02
   7.8531405e-01
  -2.0967475e+00
   9.5607148e-01
   2.6389554e-01
  -1.1882783e+00
   2.0970941e+00
   1.2380751e-01
  -1.9394842e+00
  -1.1952102e-01
   1.6024372e+00
  -4.3388654e-01
  -9.2531597e-01
   1.2681359e+00
   4.6044621e-01
  -2.1312850e+00
   6.8537274e-01
   8.6589148e-01
   1.6629211e+00
  -7.1788888e-02
   8.5744236e-01
  -9.1675307e-01
   7.8493355e-02
   8.8824439e-01
  -3.8062381e+00
   8.5121105e-01
  -1.5434813e-01
   4.0881387e-02
   7.6265869e-02
   7.3309038e-02
  -1.5902592e-01
   6.1567256e-02
   1.9614826e-03
  -2.0877283e-02
   4.1490532e-02
   6.2921962e-02
   2.1436156e-01
  -4.5277226e-01
   1.9359960e-01
  -4.1443841e-02
   1.3709654e-03
   1.3709654e-03
   1.3709654e-03
   1.3709654e-03
   1.3709654e-03
   1.3709654e-03
   1.3709654e-03
   1.3709654e-03
   1.3709654e-03
   1.3709654e-03
   1.3709654e-03
   1.3709654e-03
   1.3709654e-03
   1.3709654e-03
   1.3709654e-03
   1.3709654e-03
   1.3709654e-03
   1.3709654e-03
   1.3709654e-03
   1.3709654e-03
   1.3709654e-03
   1.3709654e-03
   1.3709654e-03
   1.3709654e-03
   1.3709654e-03
   1.3709654e-03
   1.3709654e-03
   1.3709654e-03
   1.3709654e-03
   1.3709654e-03
   1.3709654e-03
   1.3709654e-03
   1.3709654e-03
   1.3709654e-03
   1.3709654e-03
   1.3709654e-03
   1.3709654e-03
   1.3709654e-03
   1.3709654e-03
   1.3709654e-03
   1.3709654e-03
   1.3709654e-03
   1.3709654e-03
   1.3709654e-03
   1.3709654e-03
   1.3709654e-03
   1.3709654e-03
   1.3709654e-03
   1.3709654e-03
   1.3709654e-03
   6.5295369e-02
  -5.7194243e-01
  -7.1959399e-01
   1.8300246e+00
  -1.5989916e+00
   2.3469083e-01
   1.1267016e+00
  -3.6767764e-01
  -1.7860645e+00
   3.0308511e+00
  -1.6346818e+00
  -1.2088639e+00
   1.7411184e+00
   2.4701016e-01
  -1.8015958e+00
   1.2930208e+00
   7.6710508e-01
  -1.0240472e+00
  -3.9226948e-01
   9.6606880e-01
   3.6351974e-01
   1.3623924e+00
   8.4385171e-01
  -8.9427202e-01
  -1.5386404e-01
   1.2379517e+00
  -2.2195718e+00
  -1.0906179e+00
   1.2418166e-01
   2.6162979e-03
  -3.5426190e-02
   3.8987991e-02
   3.6127534e-03
  -1.2324436e-01
   1.1432860e-01
  -4.8824205e-02
   1.1220783e-01
   1.4427720e-01
  -1.5238454e+00
   6.0464245e-01
   1.7647094e+00
  -1.8560695e+00
   1.0723618e+00
   2.0421050e-03
   3.3450278e-03
   3.4520960e-03
  -5.0405996e+00
