   9.1723449e-05
   9.1723449e-05
   9.1723449e-05
   9.1723449e-05
   9.1723449e-05
   9.1723449e-05
   9.1723449e-05
   9.1723449e-05
   9.1723449e-05
   9.1723449e-05
  -4.1572868e-01
   4.1858422e-01
   2.5152644e-04
  -5.2335547e-01
   5.2329829e-01
   3.2532646e-04
   1.9254404e-04
  -5.1963547e-01
   5.1869959e-01
   2.0955624e-04
  -5.1374707e-01
   5.1193069e-01
   1.9391294e-04
   1.9391294e-04
  -4.9889147e-01
   4.9622412e-01
   1.4849831e-04
  -4.8238641e-01
   4.7881052e-01
   7.9993409e-05
   3.0584543e+00
  -3.0260119e+00
   9.1723449e-05
   9.1723449e-05
   9.1723449e-05
   9.1723449e-05
   9.1723449e-05
   9.1723449e-05
   9.1723449e-05
   9.1723449e-05
   9.1723449e-05
   9.1723449e-05
   9.1723449e-05
   9.1723449e-05
   9.1723449e-05
   9.1723449e-05
   9.1723449e-05
   9.1723449e-05
   9.1723449e-05
   9.1723449e-05
   9.1723449e-05
   9.1723449e-05
   9.1723449e-05
   9.1723449e-05
   9.1723449e-05
   9.1723449e-05
   9.1723449e-05
   9.1723449e-05
   9.1723449e-05
   9.1723449e-05
   9.1723449e-05
   9.1723449e-05
   9.1723449e-05
   9.1723449e-05
   9.1723449e-05
   9.1723449e-05
   9.1723449e-05
   9.1723449e-05
   9.1723449e-05
   9.1723449e-05
   9.1723449e-05
   9.1723449e-05
   9.1723449e-05
   9.1723449e-05
   9.1723449e-05
   9.1723449e-05
   9.1723449e-05
   9.1723449e-05
   9.1723449e-05
   9.1723449e-05
   9.1723449e-05
   9.1723449e-05
   9.1723449e-05
   9.1723449e-05
   9.1723449e-05
   9.1723449e-05
  -2.5273001e-03
   5.3304211e-03
  -2.5276133e-03
  -4.1572868e-01
   4.1858422e-01
   2.5152644e-04
   1.4575062e-04
  -5.2335547e-01
   5.2329829e-01
   3.2532646e-04
  -5.1963547e-01
   5.1869959e-01
   2.0955624e-04
  -5.2213031e-01
   5.1166063e-01
   3.2894590e-04
  -5.0141375e-01
   5.0120841e-01
  -2.3436880e-03
   1.4849831e-04
   1.4849831e-04
  -4.8238641e-01
   4.7881052e-01
   3.0557795e+00
  -3.0207732e+00
  -2.5276133e-03
   9.1723449e-05
   9.1723449e-05
   9.1723449e-05
   9.1723449e-05
   9.1723449e-05
   9.1723449e-05
   9.1723449e-05
   9.1723449e-05
   9.1723449e-05
   9.1723449e-05
  -2.5273001e-03
   5.3304211e-03
  -2.5276133e-03
  -4.1831361e-01
   4.1879577e-01
   1.4575062e-04
  -5.2370911e-01
   5.2356385e-01
   1.9254404e-04
   1.9254404e-04
  -5.2356036e-01
   5.1843402e-01
   3.4233866e-04
   2.0955624e-04
  -5.1374707e-01
   5.1193069e-01
  -5.0141375e-01
   5.0120841e-01
  -2.3436880e-03
  -5.0133460e-01
   4.8335489e-01
  -2.1922380e-03
   7.9993409e-05
   3.0557795e+00
  -3.0207732e+00
  -2.5276133e-03
   9.1723449e-05
   9.1723449e-05
   9.1723449e-05
   9.1723449e-05
   9.1723449e-05
   9.1723449e-05
   9.1723449e-05
   9.1723449e-05
   9.1723449e-05
   9.1723449e-05
   9.1723449e-05
   9.1723449e-05
   9.1723449e-05
   9.1723449e-05
   9.1723449e-05
   9.1723449e-05
   9.1723449e-05
   9.1723449e-05
   9.1723449e-05
   9.1723449e-05
   9.1723449e-05
   9.1723449e-05
   9.1723449e-05
   9.1723449e-05
   9.1723449e-05
   9.1723449e-05
   9.1723449e-05
   9.1723449e-05
   9.1723449e-05
   9.1723449e-05
   9.1723449e-05
   9.1723449e-05
   9.1723449e-05
   9.1723449e-05
   9.1723449e-05
   9.1723449e-05
   9.1723449e-05
   9.1723449e-05
   9.1723449e-05
   9.1723449e-05
   9.1723449e-05
   9.1723449e-05
   9.1723449e-05
   9.1723449e-05
   9.1723449e-05
   9.1723449e-05
   9.1723449e-05
   9.1723449e-05
   9.1723449e-05
   9.1723449e-05
   9.1723449e-05
   9.1723449e-05
   9.1723449e-05
   9.1723449e-05
   9.1723449e-05
   9.1723449e-05
   9.1723449e-05
   9.1723449e-05
   9.1723449e-05
   9.1723449e-05
   9.1723449e-05
   9.1723449e-05
   9.1723449e-05
  -4.1572868e-01
   4.1858422e-01
   2.5152644e-04
   2.5984510e-05
  -5.2344355e-01
   5.2343107e-01
  -5.1963547e-01
   5.1869959e-01
   2.0955624e-04
   2.0955624e-04
  -5.1374707e-01
   5.1193069e-01
   1.9391294e-04
  -4.9889147e-01
   4.9622412e-01
   1.4849831e-04
  -4.8482936e-01
   4.8362046e-01
  -2.3250204e-03
   2.6499286e+00
  -3.0192338e+00
  -3.2973012e-03
   9.1723449e-05
   9.1723449e-05
   9.1723449e-05
   9.1723449e-05
   9.1723449e-05
   9.1723449e-05
   9.1723449e-05
   9.1723449e-05
   9.1723449e-05
   9.1723449e-05
   9.1723449e-05
   9.1723449e-05
   9.1723449e-05
   9.1723449e-05
   9.1723449e-05
   9.1723449e-05
   9.1723449e-05
  -4.1831361e-01
   4.1879577e-01
   1.4575062e-04
  -5.2370911e-01
   5.2356385e-01
   1.9254404e-04
   6.6452671e-05
  -5.1936991e-01
   5.1856680e-01
  -5.2213031e-01
   5.1166063e-01
   3.2894590e-04
   1.9391294e-04
  -4.9889147e-01
   4.9622412e-01
   1.4849831e-04
  -4.8482936e-01
   4.8362046e-01
  -2.3250204e-03
   2.6499286e+00
  -3.0192338e+00
  -3.2973012e-03
   9.1723449e-05
   9.1723449e-05
   9.1723449e-05
   9.1723449e-05
   9.1723449e-05
   9.1723449e-05
   9.1723449e-05
   9.1723449e-05
   9.1723449e-05
   9.1723449e-05
   9.1723449e-05
   9.1723449e-05
   9.1723449e-05
   9.1723449e-05
   9.1723449e-05
   9.1723449e-05
   9.1723449e-05
   9.1723449e-05
   9.1723449e-05
   9.1723449e-05
   9.1723449e-05
   9.1723449e-05
   9.1723449e-05
   9.1723449e-05
   9.1723449e-05
   9.1723449e-05
   9.1723449e-05
   9.1723449e-05
   9.1723449e-05
   9.1723449e-05
   9.1723449e-05
   9.1723449e-05
   9.1723449e-05
   9.1723449e-05
   9.1723449e-05
   9.1723449e-05
   9.1723449e-05
   9.1723449e-05
   9.1723449e-05
   9.1723449e-05
   9.1723449e-05
   9.1723449e-05
   9.1723449e-05
   9.1723449e-05
   9.1723449e-05
   9.1723449e-05
   9.1723449e-05
   9.1723449e-05
   9.1723449e-05
   9.1723449e-05
   9.1723449e-05
   9.1723449e-05
   9.1723449e-05
   9.1723449e-05
   9.1723449e-05
   9.1723449e-05
   9.1723449e-05
   9.1723449e-05
   9.1723449e-05
   9.1723449e-05
   9.1723449e-05
   9.1723449e-05
   9.1723449e-05
   9.1723449e-05
   9.1723449e-05
   9.1723449e-05
   9.1723449e-05
   9.1723449e-05
   9.1723449e-05
   9.1723449e-05
   9.1723449e-05
   9.1723449e-05
  -2.5273001e-03
   5.3304211e-03
  -2.5276133e-03
   9.1723449e-05
  -4.1831361e-01
   4.1879577e-01
   1.4575062e-04
  -5.2370911e-01
   5.2356385e-01
   1.9254404e-04
   1.9254404e-04
  -5.1963547e-01
   5.1869959e-01
   2.0955624e-04
  -5.1374707e-01
   5.1193069e-01
   1.9391294e-04
  -5.1106490e-01
   4.9596305e-01
   2.7903018e-04
   1.7396090e-06
  -4.8212085e-01
   4.7867774e-01
   9.3596056e-04
   3.0569150e+00
  -3.0252422e+00
   9.1723449e-05
   9.1723449e-05
   9.1723449e-05
   9.1723449e-05
   9.1723449e-05
   9.1723449e-05
   9.1723449e-05
   9.1723449e-05
   9.1723449e-05
   9.1723449e-05
  -2.5273001e-03
   5.3304211e-03
  -2.5276133e-03
  -4.1831361e-01
   4.1879577e-01
   1.4575062e-04
  -5.2370911e-01
   5.2356385e-01
   1.9254404e-04
   1.9254404e-04
  -5.1963547e-01
   5.1869959e-01
   2.0955624e-04
  -5.1374707e-01
   5.1193069e-01
   1.9391294e-04
   1.9391294e-04
  -4.9889147e-01
   4.9622412e-01
   1.4849831e-04
  -4.9881226e-01
   4.7854496e-01
   2.1277583e-04
   9.3596056e-04
   3.0569150e+00
  -3.0252422e+00
   9.1723449e-05
   9.1723449e-05
   9.1723449e-05
   9.1723449e-05
   9.1723449e-05
   9.1723449e-05
   9.1723449e-05
   9.1723449e-05
   9.1723449e-05
   9.1723449e-05
   9.1723449e-05
   9.1723449e-05
   9.1723449e-05
   9.1723449e-05
   9.1723449e-05
   9.1723449e-05
   9.1723449e-05
   9.1723449e-05
   9.1723449e-05
   9.1723449e-05
   9.1723449e-05
   9.1723449e-05
   9.1723449e-05
   9.1723449e-05
   9.1723449e-05
   9.1723449e-05
   9.1723449e-05
   9.1723449e-05
   9.1723449e-05
   9.1723449e-05
   9.1723449e-05
   9.1723449e-05
   9.1723449e-05
   9.1723449e-05
   9.1723449e-05
   9.1723449e-05
   9.1723449e-05
   9.1723449e-05
   9.1723449e-05
   9.1723449e-05
   9.1723449e-05
   9.1723449e-05
   9.1723449e-05
   9.1723449e-05
   9.1723449e-05
   9.1723449e-05
   9.1723449e-05
   9.1723449e-05
   9.1723449e-05
   9.1723449e-05
   9.1723449e-05
   9.1723449e-05
   9.1723449e-05
   9.1723449e-05
   9.1723449e-05
   9.1723449e-05
  -4.1831361e-01
   4.1879577e-01
   1.4575062e-04
   1.4575062e-04
  -5.2335547e-01
   5.2329829e-01
   3.2532646e-04
  -5.2356036e-01
   5.1843402e-01
   3.4233866e-04
  -5.1374707e-01
   5.1193069e-01
   1.9391294e-04
   1.9391294e-04
  -4.9889147e-01
   4.9622412e-01
   1.4849831e-04
   1.7396090e-06
  -4.8212085e-01
   4.7867774e-01
   3.0557795e+00
  -3.0207732e+00
  -2.5276133e-03
   9.1723449e-05
   9.1723449e-05
   9.1723449e-05
   9.1723449e-05
   9.1723449e-05
   9.1723449e-05
   9.1723449e-05
   9.1723449e-05
   9.1723449e-05
   9.1723449e-05
   9.1723449e-05
   9.1723449e-05
   9.1723449e-05
  -2.5273001e-03
   5.3304211e-03
  -2.5276133e-03
   9.1723449e-05
  -4.1831361e-01
   4.1879577e-01
   1.4575062e-04
  -5.2370911e-01
   5.2356385e-01
   1.9254404e-04
   1.9254404e-04
  -5.1963547e-01
   5.1869959e-01
   2.0955624e-04
  -5.1374707e-01
   5.1193069e-01
   1.9391294e-04
   5.5550532e-05
  -4.9863041e-01
   4.9609358e-01
  -5.0133460e-01
   4.8335489e-01
  -2.1922380e-03
   7.9993409e-05
   3.0584543e+00
  -3.0260119e+00
   9.1723449e-05
   9.1723449e-05
   9.1723449e-05
   9.1723449e-05
   9.1723449e-05
   9.1723449e-05
   9.1723449e-05
   9.1723449e-05
   9.1723449e-05
   9.1723449e-05
   9.1723449e-05
   9.1723449e-05
   9.1723449e-05
   9.1723449e-05
   9.1723449e-05
   9.1723449e-05
   9.1723449e-05
   9.1723449e-05
   9.1723449e-05
   9.1723449e-05
   9.1723449e-05
   9.1723449e-05
   9.1723449e-05
   9.1723449e-05
   9.1723449e-05
   9.1723449e-05
   9.1723449e-05
   9.1723449e-05
   9.1723449e-05
   9.1723449e-05
   9.1723449e-05
   9.1723449e-05
   9.1723449e-05
   9.1723449e-05
   9.1723449e-05
   9.1723449e-05
   9.1723449e-05
   9.1723449e-05
   9.1723449e-05
   9.1723449e-05
   9.1723449e-05
   9.1723449e-05
   9.1723449e-05
   9.1723449e-05
   9.1723449e-05
   9.1723449e-05
   9.1723449e-05
   9.1723449e-05
   9.1723449e-05
   9.1723449e-05
   9.1723449e-05
   9.1723449e-05
   9.1723449e-05
   9.1723449e-05
   9.1723449e-05
   9.1723449e-05
   9.1723449e-05
   9.1723449e-05
   9.1723449e-05
   9.1723449e-05
   9.1723449e-05
   9.1723449e-05
   9.1723449e-05
   9.1723449e-05
   9.1723449e-05
   9.1723449e-05
   9.1723449e-05
   9.1723449e-05
   9.1723449e-05
   9.1723449e-05
   9.1723449e-05
  -4.1831361e-01
   4.1879577e-01
   1.4575062e-04
   2.5984510e-05
  -5.2344355e-01
   5.2343107e-01
  -5.2356036e-01
   5.1843402e-01
   3.4233866e-04
   2.0955624e-04
  -5.1374707e-01
   5.1193069e-01
   1.9391294e-04
  -4.9889147e-01
   4.9622412e-01
   1.4849831e-04
  -4.8482936e-01
   4.8362046e-01
  -2.3250204e-03
   2.6499286e+00
  -3.0192338e+00
  -3.2973012e-03
   9.1723449e-05
   9.1723449e-05
   9.1723449e-05
   9.1723449e-05
   9.1723449e-05
   9.1723449e-05
   9.1723449e-05
   9.1723449e-05
   9.1723449e-05
   9.1723449e-05
   9.1723449e-05
   9.1723449e-05
   9.1723449e-05
   9.1723449e-05
   9.1723449e-05
  -4.1831361e-01
   4.1879577e-01
   1.4575062e-04
  -5.2370911e-01
   5.2356385e-01
   1.9254404e-04
  -5.1963547e-01
   5.1869959e-01
   2.0955624e-04
  -5.2213031e-01
   5.1166063e-01
   3.2894590e-04
   1.9391294e-04
  -4.9889147e-01
   4.9622412e-01
   1.4849831e-04
  -4.8482936e-01
   4.8362046e-01
  -2.3250204e-03
   3.0557795e+00
  -3.0207732e+00
  -2.5276133e-03
   9.1723449e-05
   9.1723449e-05
   9.1723449e-05
   9.1723449e-05
   9.1723449e-05
   9.1723449e-05
   9.1723449e-05
   9.1723449e-05
   9.1723449e-05
   9.1723449e-05
   9.1723449e-05
   9.1723449e-05
   9.1723449e-05
   9.1723449e-05
   9.1723449e-05
   9.1723449e-05
   9.1723449e-05
   9.1723449e-05
   9.1723449e-05
   9.1723449e-05
   9.1723449e-05
   9.1723449e-05
   9.1723449e-05
   9.1723449e-05
   9.1723449e-05
   9.1723449e-05
   9.1723449e-05
   9.1723449e-05
   9.1723449e-05
   9.1723449e-05
   9.1723449e-05
   9.1723449e-05
   9.1723449e-05
   9.1723449e-05
   9.1723449e-05
   9.1723449e-05
   9.1723449e-05
   9.1723449e-05
   9.1723449e-05
   9.1723449e-05
   9.1723449e-05
   9.1723449e-05
   9.1723449e-05
   9.1723449e-05
   9.1723449e-05
   9.1723449e-05
   9.1723449e-05
   9.1723449e-05
   9.1723449e-05
   9.1723449e-05
   9.1723449e-05
   9.1723449e-05
   9.1723449e-05
   9.1723449e-05
   9.1723449e-05
   9.1723449e-05
   9.1723449e-05
  -2.5273001e-03
   5.3304211e-03
  -2.5276133e-03
   9.1723449e-05
  -4.1831361e-01
   4.1879577e-01
   1.4575062e-04
   2.5984510e-05
  -5.2344355e-01
   5.2343107e-01
  -5.2356036e-01
   5.2344704e-01
   7.6773827e-05
   3.4233866e-04
  -5.1374707e-01
   5.1193069e-01
   1.9391294e-04
   5.5550532e-05
  -4.9863041e-01
   4.9609358e-01
   1.4849831e-04
  -4.8482936e-01
   4.8362046e-01
  -2.3250204e-03
   9.3596056e-04
   3.0569150e+00
  -3.0252422e+00
   9.1723449e-05
   9.1723449e-05
   9.1723449e-05
   9.1723449e-05
   9.1723449e-05
   9.1723449e-05
   9.1723449e-05
   9.1723449e-05
   9.1723449e-05
   9.1723449e-05
   9.1723449e-05
   9.1723449e-05
   9.1723449e-05
  -2.5273001e-03
   5.3304211e-03
  -2.5276133e-03
  -4.1831361e-01
   4.1879577e-01
   1.4575062e-04
   1.4575062e-04
  -5.2370911e-01
   5.2356385e-01
   1.9254404e-04
  -5.2356036e-01
   5.1843402e-01
   3.4233866e-04
  -5.1374707e-01
   5.1193069e-01
   1.9391294e-04
   5.5550532e-05
  -4.9863041e-01
   4.9609358e-01
  -4.8482936e-01
   4.8362046e-01
  -2.3250204e-03
   7.9993409e-05
   3.0584543e+00
  -3.0260119e+00
   9.1723449e-05
   9.1723449e-05
   9.1723449e-05
   9.1723449e-05
   9.1723449e-05
   9.1723449e-05
   9.1723449e-05
   9.1723449e-05
   9.1723449e-05
   9.1723449e-05
   9.1723449e-05
   9.1723449e-05
   9.1723449e-05
   9.1723449e-05
   9.1723449e-05
   9.1723449e-05
   9.1723449e-05
   9.1723449e-05
   9.1723449e-05
   9.1723449e-05
   9.1723449e-05
   9.1723449e-05
   9.1723449e-05
   9.1723449e-05
   9.1723449e-05
   9.1723449e-05
   9.1723449e-05
   9.1723449e-05
   9.1723449e-05
   9.1723449e-05
   9.1723449e-05
   9.1723449e-05
   9.1723449e-05
   9.1723449e-05
   9.1723449e-05
   9.1723449e-05
   9.1723449e-05
   9.1723449e-05
   9.1723449e-05
   9.1723449e-05
   9.1723449e-05
   9.1723449e-05
   9.1723449e-05
   9.1723449e-05
   9.1723449e-05
   9.1723449e-05
   9.1723449e-05
   9.1723449e-05
   9.1723449e-05
   9.1723449e-05
   9.1723449e-05
   9.1723449e-05
   9.1723449e-05
   9.1723449e-05
   9.1723449e-05
   9.1723449e-05
   9.1723449e-05
   9.1723449e-05
  -2.5273001e-03
   5.3304211e-03
  -2.5276133e-03
  -4.1572868e-01
   4.1858422e-01
   2.5152644e-04
  -5.2370911e-01
   5.2356385e-01
   1.9254404e-04
  -5.1963547e-01
   5.1869959e-01
   2.0955624e-04
   2.0955624e-04
  -5.1374707e-01
   5.1193069e-01
   1.9391294e-04
  -4.9889147e-01
   4.9622412e-01
   1.4849831e-04
  -4.8238641e-01
   4.7881052e-01
   7.9993409e-05
   2.6499286e+00
  -3.0192338e+00
  -3.2973012e-03
   9.1723449e-05
   9.1723449e-05
   9.1723449e-05
   9.1723449e-05
   9.1723449e-05
   9.1723449e-05
   9.1723449e-05
   9.1723449e-05
   9.1723449e-05
   9.1723449e-05
   9.1723449e-05
   9.1723449e-05
   9.1723449e-05
   9.1723449e-05
   9.1723449e-05
  -4.1831361e-01
   4.1879577e-01
   1.4575062e-04
  -5.2370911e-01
   5.2356385e-01
   1.9254404e-04
  -5.1963547e-01
   5.1869959e-01
   2.0955624e-04
   2.0955624e-04
  -5.1374707e-01
   5.1193069e-01
   1.9391294e-04
  -4.9889147e-01
   4.9622412e-01
   1.4849831e-04
  -4.8238641e-01
   4.7881052e-01
   7.9993409e-05
   2.6499286e+00
  -3.0192338e+00
  -3.2973012e-03
   9.1723449e-05
   9.1723449e-05
   9.1723449e-05
   9.1723449e-05
   9.1723449e-05
   9.1723449e-05
   9.1723449e-05
   9.1723449e-05
   9.1723449e-05
   9.1723449e-05
   9.1723449e-05
   9.1723449e-05
   9.1723449e-05
   9.1723449e-05
   9.1723449e-05
   9.1723449e-05
   9.1723449e-05
   9.1723449e-05
   9.1723449e-05
   9.1723449e-05
   9.1723449e-05
   9.1723449e-05
   9.1723449e-05
   9.1723449e-05
   9.1723449e-05
   9.1723449e-05
   9.1723449e-05
   9.1723449e-05
   9.1723449e-05
   9.1723449e-05
   9.1723449e-05
   9.1723449e-05
   9.1723449e-05
   9.1723449e-05
   9.1723449e-05
   9.1723449e-05
   9.1723449e-05
   9.1723449e-05
   9.1723449e-05
   9.1723449e-05
   9.1723449e-05
   9.1723449e-05
   9.1723449e-05
   9.1723449e-05
   9.1723449e-05
   9.1723449e-05
   9.1723449e-05
   9.1723449e-05
   9.1723449e-05
   9.1723449e-05
   9.1723449e-05
   9.1723449e-05
   9.1723449e-05
   9.1723449e-05
   9.1723449e-05
   9.1723449e-05
   9.1723449e-05
  -2.5273001e-03
   5.3304211e-03
  -2.5276133e-03
  -4.1572868e-01
   4.1858422e-01
   2.5152644e-04
   1.4575062e-04
  -5.2370911e-01
   5.2356385e-01
   1.9254404e-04
  -5.1963547e-01
   5.1869959e-01
   2.0955624e-04
  -5.1374707e-01
   5.1193069e-01
   1.9391294e-04
  -5.1364510e-01
   5.0094735e-01
  -2.2131562e-03
   1.4849831e-04
  -4.8238641e-01
   4.7881052e-01
   7.9993409e-05
   3.0584543e+00
  -3.0260119e+00
   9.1723449e-05
   9.1723449e-05
   9.1723449e-05
   9.1723449e-05
   9.1723449e-05
   9.1723449e-05
   9.1723449e-05
   9.1723449e-05
   9.1723449e-05
   9.1723449e-05
   9.1723449e-05
   9.1723449e-05
  -2.5273001e-03
   5.3304211e-03
  -2.5276133e-03
  -4.1831361e-01
   4.1879577e-01
   1.4575062e-04
   1.4575062e-04
  -5.2370911e-01
   5.2356385e-01
   1.9254404e-04
   6.6452671e-05
  -5.1936991e-01
   5.1856680e-01
  -5.1374707e-01
   5.1193069e-01
   1.9391294e-04
  -5.0141375e-01
   5.0120841e-01
  -2.3436880e-03
   1.4849831e-04
  -4.8238641e-01
   4.7881052e-01
   7.9993409e-05
   3.0557795e+00
  -3.0207732e+00
  -2.5276133e-03
   9.1723449e-05
   9.1723449e-05
   9.1723449e-05
   9.1723449e-05
   9.1723449e-05
   9.1723449e-05
   9.1723449e-05
   9.1723449e-05
   9.1723449e-05
   9.1723449e-05
   9.1723449e-05
   9.1723449e-05
   9.1723449e-05
   9.1723449e-05
   9.1723449e-05
   9.1723449e-05
   9.1723449e-05
   9.1723449e-05
   9.1723449e-05
   9.1723449e-05
   9.1723449e-05
   9.1723449e-05
   9.1723449e-05
   9.1723449e-05
   9.1723449e-05
   9.1723449e-05
   9.1723449e-05
   9.1723449e-05
   9.1723449e-05
   9.1723449e-05
   9.1723449e-05
   9.1723449e-05
   9.1723449e-05
   9.1723449e-05
   9.1723449e-05
   9.1723449e-05
   9.1723449e-05
   9.1723449e-05
   9.1723449e-05
   9.1723449e-05
   9.1723449e-05
   9.1723449e-05
   9.1723449e-05
   9.1723449e-05
   9.1723449e-05
   9.1723449e-05
   9.1723449e-05
   9.1723449e-05
   9.1723449e-05
   9.1723449e-05
   9.1723449e-05
   9.1723449e-05
   9.1723449e-05
   9.1723449e-05
   9.1723449e-05
   9.1723449e-05
   9.1723449e-05
   9.1723449e-05
   9.1723449e-05
   9.1723449e-05
   9.1723449e-05
   9.1723449e-05
   9.1723449e-05
   9.1723449e-05
   9.1723449e-05
   9.1723449e-05
   9.1723449e-05
   9.1723449e-05
   9.1723449e-05
   9.1723449e-05
   9.1723449e-05
   9.1723449e-05
   9.1723449e-05
   9.1723449e-05
   9.1723449e-05
   9.1723449e-05
   9.1723449e-05
   9.1723449e-05
   9.1723449e-05
   9.1723449e-05
   9.1723449e-05
   9.1723449e-05
   9.1723449e-05
   9.1723449e-05
   9.1723449e-05
   9.1723449e-05
   9.1723449e-05
   9.1723449e-05
   9.1723449e-05
   9.1723449e-05
   9.1723449e-05
   9.1723449e-05
   9.1723449e-05
   9.1723449e-05
   9.1723449e-05
   9.1723449e-05
   9.1723449e-05
   9.1723449e-05
   9.1723449e-05
   9.1723449e-05
   9.1723449e-05
   9.1723449e-05
   9.1723449e-05
   9.1723449e-05
   9.1723449e-05
   9.1723449e-05
   9.1723449e-05
   9.1723449e-05
   9.1723449e-05
   9.1723449e-05
   9.1723449e-05
   9.1723449e-05
   9.1723449e-05
   9.1723449e-05
   9.1723449e-05
   9.1723449e-05
   9.1723449e-05
   9.1723449e-05
   9.1723449e-05
   9.1723449e-05
   9.1723449e-05
   9.1723449e-05
   9.1723449e-05
   9.1723449e-05
   9.1723449e-05
   9.1723449e-05
   9.1723449e-05
   9.1723449e-05
   9.1723449e-05
   9.1723449e-05
   9.1723449e-05
   9.1723449e-05
   9.1723449e-05
   9.1723449e-05
   9.1723449e-05
   9.1723449e-05
   9.1723449e-05
   9.1723449e-05
   9.1723449e-05
   9.1723449e-05
   9.1723449e-05
   9.1723449e-05
   9.1723449e-05
   9.1723449e-05
   9.1723449e-05
   9.1723449e-05
   9.1723449e-05
   9.1723449e-05
   9.1723449e-05
   9.1723449e-05
   9.1723449e-05
   9.1723449e-05
   9.1723449e-05
   9.1723449e-05
   9.1723449e-05
   9.1723449e-05
   9.1723449e-05
   9.1723449e-05
   9.1723449e-05
   9.1723449e-05
   9.1723449e-05
   9.1723449e-05
   9.1723449e-05
   9.1723449e-05
   9.1723449e-05
   9.1723449e-05
   9.1723449e-05
   9.1723449e-05
   9.1723449e-05
   9.1723449e-05
   9.1723449e-05
   9.1723449e-05
   9.1723449e-05
   9.1723449e-05
   9.1723449e-05
   9.1723449e-05
   9.1723449e-05
   9.1723449e-05
   9.1723449e-05
   9.1723449e-05
   9.1723449e-05
   9.1723449e-05
   9.1723449e-05
   9.1723449e-05
  -4.1831361e-01
   4.1879577e-01
   1.4575062e-04
  -5.2370911e-01
   5.2356385e-01
   1.9254404e-04
  -5.1963547e-01
   5.1869959e-01
   2.0955624e-04
  -5.1374707e-01
   5.1193069e-01
   1.9391294e-04
   1.9391294e-04
  -4.9889147e-01
   4.9622412e-01
   1.4849831e-04
  -4.8482936e-01
   4.8362046e-01
  -2.3250204e-03
   7.9993409e-05
   3.0584543e+00
  -3.0260119e+00
   9.1723449e-05
   9.1723449e-05
   9.1723449e-05
   9.1723449e-05
   9.1723449e-05
   9.1723449e-05
   9.1723449e-05
   9.1723449e-05
   9.1723449e-05
   9.1723449e-05
   9.1723449e-05
   9.1723449e-05
   9.1723449e-05
   9.1723449e-05
   9.1723449e-05
   9.1723449e-05
   9.1723449e-05
   9.1723449e-05
   9.1723449e-05
  -4.1831361e-01
   4.1879577e-01
   1.4575062e-04
   2.5984510e-05
  -5.2344355e-01
   5.2343107e-01
   1.9254404e-04
  -5.1963547e-01
   5.1869959e-01
   2.0955624e-04
   2.0955624e-04
  -5.1374707e-01
   5.1193069e-01
  -5.0141375e-01
   5.0120841e-01
  -2.3436880e-03
   1.4849831e-04
  -4.8238641e-01
   4.7881052e-01
   7.9993409e-05
   3.0584543e+00
  -3.0260119e+00
   9.1723449e-05
   9.1723449e-05
   9.1723449e-05
   9.1723449e-05
   9.1723449e-05
   9.1723449e-05
   9.1723449e-05
   9.1723449e-05
   9.1723449e-05
   9.1723449e-05
   9.1723449e-05
   9.1723449e-05
   9.1723449e-05
   9.1723449e-05
   9.1723449e-05
   9.1723449e-05
   9.1723449e-05
   9.1723449e-05
   9.1723449e-05
   9.1723449e-05
   9.1723449e-05
   9.1723449e-05
   9.1723449e-05
   9.1723449e-05
   9.1723449e-05
   9.1723449e-05
   9.1723449e-05
   9.1723449e-05
   9.1723449e-05
   9.1723449e-05
   9.1723449e-05
   9.1723449e-05
   9.1723449e-05
   9.1723449e-05
   9.1723449e-05
   9.1723449e-05
   9.1723449e-05
   9.1723449e-05
   9.1723449e-05
   9.1723449e-05
   9.1723449e-05
   9.1723449e-05
   9.1723449e-05
   9.1723449e-05
   9.1723449e-05
   9.1723449e-05
   9.1723449e-05
   9.1723449e-05
   9.1723449e-05
   9.1723449e-05
   9.1723449e-05
   9.1723449e-05
   9.1723449e-05
   9.1723449e-05
   9.1723449e-05
   9.1723449e-05
   9.1723449e-05
   9.1723449e-05
   9.1723449e-05
   9.1723449e-05
   9.1723449e-05
   9.1723449e-05
   9.1723449e-05
   9.1723449e-05
   9.1723449e-05
   9.1723449e-05
  -4.1831361e-01
   4.1879577e-01
   1.4575062e-04
  -5.2370911e-01
   5.2356385e-01
   1.9254404e-04
  -5.2356036e-01
   5.1843402e-01
   3.4233866e-04
   2.0955624e-04
   2.0955624e-04
  -5.1374707e-01
   5.1193069e-01
  -5.1364510e-01
   5.0094735e-01
  -2.2131562e-03
   1.4849831e-04
  -4.8238641e-01
   4.7881052e-01
   7.9993409e-05
   9.3596056e-04
   3.0569150e+00
  -3.0252422e+00
   9.1723449e-05
   9.1723449e-05
   9.1723449e-05
   9.1723449e-05
   9.1723449e-05
   9.1723449e-05
   9.1723449e-05
   9.1723449e-05
   9.1723449e-05
   9.1723449e-05
   9.1723449e-05
   9.1723449e-05
   9.1723449e-05
   9.1723449e-05
   9.1723449e-05
  -4.1831361e-01
   4.1879577e-01
   1.4575062e-04
  -5.2370911e-01
   5.2356385e-01
   1.9254404e-04
   1.9254404e-04
  -5.1963547e-01
   5.1869959e-01
   2.0955624e-04
  -5.1374707e-01
   5.1193069e-01
   1.9391294e-04
   1.9391294e-04
  -4.9889147e-01
   4.9622412e-01
   1.4849831e-04
  -4.8482936e-01
   4.8362046e-01
  -2.3250204e-03
   2.6499286e+00
  -3.0192338e+00
  -3.2973012e-03
   9.1723449e-05
   9.1723449e-05
   9.1723449e-05
   9.1723449e-05
   9.1723449e-05
   9.1723449e-05
   9.1723449e-05
   9.1723449e-05
   9.1723449e-05
   9.1723449e-05
   9.1723449e-05
   9.1723449e-05
   9.1723449e-05
   9.1723449e-05
   9.1723449e-05
   9.1723449e-05
   9.1723449e-05
   9.1723449e-05
   9.1723449e-05
   9.1723449e-05
   9.1723449e-05
   9.1723449e-05
   9.1723449e-05
   9.1723449e-05
   9.1723449e-05
   9.1723449e-05
   9.1723449e-05
   9.1723449e-05
   9.1723449e-05
   9.1723449e-05
   9.1723449e-05
   9.1723449e-05
  -4.1572868e-01
   4.1858422e-01
   2.5152644e-04
  -5.2335547e-01
   5.2329829e-01
   3.2532646e-04
   1.9254404e-04
  -5.1963547e-01
   5.1869959e-01
   2.0955624e-04
  -5.1374707e-01
   5.1193069e-01
   1.9391294e-04
   1.9391294e-04
  -4.9889147e-01
   4.9622412e-01
   1.4849831e-04
  -4.8238641e-01
   4.7881052e-01
   7.9993409e-05
   3.0584543e+00
  -3.0260119e+00
   9.1723449e-05
   9.1723449e-05
   9.1723449e-05
   9.1723449e-05
   9.1723449e-05
   9.1723449e-05
   9.1723449e-05
   9.1723449e-05
   9.1723449e-05
   9.1723449e-05
   9.1723449e-05
   9.1723449e-05
   9.1723449e-05
   9.1723449e-05
   9.1723449e-05
   9.1723449e-05
   9.1723449e-05
   9.1723449e-05
   9.1723449e-05
   9.1723449e-05
   9.1723449e-05
   9.1723449e-05
   9.1723449e-05
   9.1723449e-05
   9.1723449e-05
   9.1723449e-05
   9.1723449e-05
   9.1723449e-05
   9.1723449e-05
   9.1723449e-05
   9.1723449e-05
   9.1723449e-05
   9.1723449e-05
   9.1723449e-05
   9.1723449e-05
   9.1723449e-05
   9.1723449e-05
   9.1723449e-05
   9.1723449e-05
   9.1723449e-05
   9.1723449e-05
   9.1723449e-05
   9.1723449e-05
   9.1723449e-05
   9.1723449e-05
   9.1723449e-05
   9.1723449e-05
   9.1723449e-05
   9.1723449e-05
   9.1723449e-05
   9.1723449e-05
   9.1723449e-05
   9.1723449e-05
   9.1723449e-05
  -2.5273001e-03
   5.3304211e-03
  -2.5276133e-03
  -4.1572868e-01
   4.1858422e-01
   2.5152644e-04
   1.4575062e-04
  -5.2335547e-01
   5.2329829e-01
   3.2532646e-04
  -5.1963547e-01
   5.1869959e-01
   2.0955624e-04
  -5.2213031e-01
   5.1166063e-01
   3.2894590e-04
  -5.0141375e-01
   5.0120841e-01
  -2.3436880e-03
   1.4849831e-04
   1.4849831e-04
  -4.8238641e-01
   4.7881052e-01
   3.0557795e+00
  -3.0207732e+00
  -2.5276133e-03
   9.1723449e-05
   9.1723449e-05
   9.1723449e-05
   9.1723449e-05
   9.1723449e-05
   9.1723449e-05
   9.1723449e-05
   9.1723449e-05
   9.1723449e-05
   9.1723449e-05
  -2.5273001e-03
   5.3304211e-03
  -2.5276133e-03
  -4.1831361e-01
   4.1879577e-01
   1.4575062e-04
  -5.2370911e-01
   5.2356385e-01
   1.9254404e-04
   1.9254404e-04
  -5.2356036e-01
   5.1843402e-01
   3.4233866e-04
   2.0955624e-04
  -5.1374707e-01
   5.1193069e-01
  -5.0141375e-01
   5.0120841e-01
  -2.3436880e-03
  -5.0133460e-01
   4.8335489e-01
  -2.1922380e-03
   7.9993409e-05
   3.0557795e+00
  -3.0207732e+00
  -2.5276133e-03
   9.1723449e-05
   9.1723449e-05
   9.1723449e-05
   9.1723449e-05
   9.1723449e-05
   9.1723449e-05
   9.1723449e-05
   9.1723449e-05
   9.1723449e-05
   9.1723449e-05
   9.1723449e-05
   9.1723449e-05
   9.1723449e-05
   9.1723449e-05
   9.1723449e-05
   9.1723449e-05
   9.1723449e-05
   9.1723449e-05
   9.1723449e-05
   9.1723449e-05
   9.1723449e-05
   9.1723449e-05
   9.1723449e-05
   9.1723449e-05
   9.1723449e-05
   9.1723449e-05
   9.1723449e-05
   9.1723449e-05
   9.1723449e-05
   9.1723449e-05
   9.1723449e-05
   9.1723449e-05
   9.1723449e-05
   9.1723449e-05
   9.1723449e-05
   9.1723449e-05
   9.1723449e-05
   9.1723449e-05
   9.1723449e-05
   9.1723449e-05
   9.1723449e-05
   9.1723449e-05
   9.1723449e-05
   9.1723449e-05
   9.1723449e-05
   9.1723449e-05
   9.1723449e-05
   9.1723449e-05
   9.1723449e-05
   9.1723449e-05
   9.1723449e-05
   9.1723449e-05
   9.1723449e-05
   9.1723449e-05
   9.1723449e-05
   9.1723449e-05
   9.1723449e-05
   9.1723449e-05
   9.1723449e-05
   9.1723449e-05
   9.1723449e-05
   9.1723449e-05
   9.1723449e-05
  -4.1572868e-01
   4.1858422e-01
   2.5152644e-04
   2.5984510e-05
  -5.2344355e-01
   5.2343107e-01
  -5.1963547e-01
   5.1869959e-01
   2.0955624e-04
   2.0955624e-04
  -5.1374707e-01
   5.1193069e-01
   1.9391294e-04
  -4.9889147e-01
   4.9622412e-01
   1.4849831e-04
  -4.8482936e-01
   4.8362046e-01
  -2.3250204e-03
   2.6499286e+00
  -3.0192338e+00
  -3.2973012e-03
   9.1723449e-05
   9.1723449e-05
   9.1723449e-05
   9.1723449e-05
   9.1723449e-05
   9.1723449e-05
   9.1723449e-05
   9.1723449e-05
   9.1723449e-05
   9.1723449e-05
   9.1723449e-05
   9.1723449e-05
   9.1723449e-05
   9.1723449e-05
   9.1723449e-05
   9.1723449e-05
   9.1723449e-05
  -4.1831361e-01
   4.1879577e-01
   1.4575062e-04
  -5.2370911e-01
   5.2356385e-01
   1.9254404e-04
   6.6452671e-05
  -5.1936991e-01
   5.1856680e-01
  -5.2213031e-01
   5.1166063e-01
   3.2894590e-04
   1.9391294e-04
  -4.9889147e-01
   4.9622412e-01
   1.4849831e-04
  -4.8482936e-01
   4.8362046e-01
  -2.3250204e-03
   2.6499286e+00
  -3.0192338e+00
  -3.2973012e-03
   9.1723449e-05
   9.1723449e-05
   9.1723449e-05
   9.1723449e-05
   9.1723449e-05
   9.1723449e-05
   9.1723449e-05
   9.1723449e-05
   9.1723449e-05
   9.1723449e-05
   9.1723449e-05
   9.1723449e-05
   9.1723449e-05
   9.1723449e-05
   9.1723449e-05
   9.1723449e-05
   9.1723449e-05
   9.1723449e-05
   9.1723449e-05
   9.1723449e-05
   9.1723449e-05
   9.1723449e-05
   9.1723449e-05
   9.1723449e-05
   9.1723449e-05
   9.1723449e-05
   9.1723449e-05
   9.1723449e-05
   9.1723449e-05
   9.1723449e-05
   9.1723449e-05
   9.1723449e-05
   9.1723449e-05
   9.1723449e-05
   9.1723449e-05
   9.1723449e-05
   9.1723449e-05
   9.1723449e-05
   9.1723449e-05
   9.1723449e-05
   9.1723449e-05
   9.1723449e-05
   9.1723449e-05
   9.1723449e-05
   9.1723449e-05
   9.1723449e-05
   9.1723449e-05
   9.1723449e-05
   9.1723449e-05
   9.1723449e-05
   9.1723449e-05
   9.1723449e-05
   9.1723449e-05
   9.1723449e-05
   9.1723449e-05
   9.1723449e-05
   9.1723449e-05
   9.1723449e-05
   9.1723449e-05
   9.1723449e-05
   9.1723449e-05
   9.1723449e-05
   9.1723449e-05
   9.1723449e-05
   9.1723449e-05
   9.1723449e-05
   9.1723449e-05
   9.1723449e-05
   9.1723449e-05
   9.1723449e-05
   9.1723449e-05
   9.1723449e-05
  -2.5273001e-03
   5.3304211e-03
  -2.5276133e-03
   9.1723449e-05
  -4.1831361e-01
   4.1879577e-01
   1.4575062e-04
  -5.2370911e-01
   5.2356385e-01
   1.9254404e-04
   1.9254404e-04
  -5.1963547e-01
   5.1869959e-01
   2.0955624e-04
  -5.1374707e-01
   5.1193069e-01
   1.9391294e-04
  -5.1106490e-01
   4.9596305e-01
   2.7903018e-04
   1.7396090e-06
  -4.8212085e-01
   4.7867774e-01
   9.3596056e-04
   3.0569150e+00
  -3.0252422e+00
   9.1723449e-05
   9.1723449e-05
   9.1723449e-05
   9.1723449e-05
   9.1723449e-05
   9.1723449e-05
   9.1723449e-05
   9.1723449e-05
   9.1723449e-05
   9.1723449e-05
  -2.5273001e-03
   5.3304211e-03
  -2.5276133e-03
  -4.1831361e-01
   4.1879577e-01
   1.4575062e-04
  -5.2370911e-01
   5.2356385e-01
   1.9254404e-04
   1.9254404e-04
  -5.1963547e-01
   5.1869959e-01
   2.0955624e-04
  -5.1374707e-01
   5.1193069e-01
   1.9391294e-04
   1.9391294e-04
  -4.9889147e-01
   4.9622412e-01
   1.4849831e-04
  -4.9881226e-01
   4.7854496e-01
   2.1277583e-04
   9.3596056e-04
   3.0569150e+00
  -3.0252422e+00
   9.1723449e-05
   9.1723449e-05
   9.1723449e-05
   9.1723449e-05
   9.1723449e-05
   9.1723449e-05
   9.1723449e-05
   9.1723449e-05
   9.1723449e-05
   9.1723449e-05
   9.1723449e-05
   9.1723449e-05
   9.1723449e-05
   9.1723449e-05
   9.1723449e-05
   9.1723449e-05
   9.1723449e-05
   9.1723449e-05
   9.1723449e-05
   9.1723449e-05
   9.1723449e-05
   9.1723449e-05
   9.1723449e-05
   9.1723449e-05
   9.1723449e-05
   9.1723449e-05
   9.1723449e-05
   9.1723449e-05
   9.1723449e-05
   9.1723449e-05
   9.1723449e-05
   9.1723449e-05
   9.1723449e-05
   9.1723449e-05
   9.1723449e-05
   9.1723449e-05
   9.1723449e-05
   9.1723449e-05
   9.1723449e-05
   9.1723449e-05
   9.1723449e-05
   9.1723449e-05
   9.1723449e-05
   9.1723449e-05
   9.1723449e-05
   9.1723449e-05
   9.1723449e-05
   9.1723449e-05
   9.1723449e-05
   9.1723449e-05
   9.1723449e-05
   9.1723449e-05
   9.1723449e-05
   9.1723449e-05
   9.1723449e-05
   9.1723449e-05
  -4.1831361e-01
   4.1879577e-01
   1.4575062e-04
   1.4575062e-04
  -5.2335547e-01
   5.2329829e-01
   3.2532646e-04
  -5.2356036e-01
   5.1843402e-01
   3.4233866e-04
  -5.1374707e-01
   5.1193069e-01
   1.9391294e-04
   1.9391294e-04
  -4.9889147e-01
   4.9622412e-01
   1.4849831e-04
   1.7396090e-06
  -4.8212085e-01
   4.7867774e-01
   3.0557795e+00
  -3.0207732e+00
  -2.5276133e-03
   9.1723449e-05
   9.1723449e-05
   9.1723449e-05
   9.1723449e-05
   9.1723449e-05
   9.1723449e-05
   9.1723449e-05
   9.1723449e-05
   9.1723449e-05
   9.1723449e-05
   9.1723449e-05
   9.1723449e-05
   9.1723449e-05
  -2.5273001e-03
   5.3304211e-03
  -2.5276133e-03
   9.1723449e-05
  -4.1831361e-01
   4.1879577e-01
   1.4575062e-04
  -5.2370911e-01
   5.2356385e-01
   1.9254404e-04
   1.9254404e-04
  -5.1963547e-01
   5.1869959e-01
   2.0955624e-04
  -5.1374707e-01
   5.1193069e-01
   1.9391294e-04
   5.5550532e-05
  -4.9863041e-01
   4.9609358e-01
  -5.0133460e-01
   4.8335489e-01
  -2.1922380e-03
   7.9993409e-05
   3.0584543e+00
  -3.0260119e+00
   9.1723449e-05
   9.1723449e-05
   9.1723449e-05
   9.1723449e-05
   9.1723449e-05
   9.1723449e-05
   9.1723449e-05
   9.1723449e-05
   9.1723449e-05
   9.1723449e-05
   9.1723449e-05
   9.1723449e-05
   9.1723449e-05
   9.1723449e-05
   9.1723449e-05
   9.1723449e-05
   9.1723449e-05
   9.1723449e-05
   9.1723449e-05
   9.1723449e-05
   9.1723449e-05
   9.1723449e-05
   9.1723449e-05
   9.1723449e-05
   9.1723449e-05
   9.1723449e-05
   9.1723449e-05
   9.1723449e-05
   9.1723449e-05
   9.1723449e-05
   9.1723449e-05
   9.1723449e-05
   9.1723449e-05
   9.1723449e-05
   9.1723449e-05
   9.1723449e-05
   9.1723449e-05
   9.1723449e-05
   9.1723449e-05
   9.1723449e-05
   9.1723449e-05
   9.1723449e-05
   9.1723449e-05
   9.1723449e-05
   9.1723449e-05
   9.1723449e-05
   9.1723449e-05
   9.1723449e-05
   9.1723449e-05
   9.1723449e-05
   9.1723449e-05
   9.1723449e-05
   9.1723449e-05
   9.1723449e-05
   9.1723449e-05
   9.1723449e-05
   9.1723449e-05
   9.1723449e-05
   9.1723449e-05
   9.1723449e-05
   9.1723449e-05
   9.1723449e-05
   9.1723449e-05
   9.1723449e-05
   9.1723449e-05
   9.1723449e-05
   9.1723449e-05
   9.1723449e-05
   9.1723449e-05
   9.1723449e-05
   9.1723449e-05
  -4.1831361e-01
   4.1879577e-01
   1.4575062e-04
   2.5984510e-05
  -5.2344355e-01
   5.2343107e-01
  -5.2356036e-01
   5.1843402e-01
   3.4233866e-04
   2.0955624e-04
  -5.1374707e-01
   5.1193069e-01
   1.9391294e-04
  -4.9889147e-01
   4.9622412e-01
   1.4849831e-04
  -4.8482936e-01
   4.8362046e-01
  -2.3250204e-03
   2.6499286e+00
  -3.0192338e+00
  -3.2973012e-03
   9.1723449e-05
   9.1723449e-05
   9.1723449e-05
   9.1723449e-05
   9.1723449e-05
   9.1723449e-05
   9.1723449e-05
   9.1723449e-05
   9.1723449e-05
   9.1723449e-05
   9.1723449e-05
   9.1723449e-05
   9.1723449e-05
   9.1723449e-05
   9.1723449e-05
  -4.1831361e-01
   4.1879577e-01
   1.4575062e-04
  -5.2370911e-01
   5.2356385e-01
   1.9254404e-04
  -5.1963547e-01
   5.1869959e-01
   2.0955624e-04
   1.4669360e+00
