   5.8846706e-01
   5.9847005e-01
   5.7788765e-01
   5.7817586e-01
   6.0876126e-01
   5.6788466e-01
   6.0876126e-01
   5.6788466e-01
   5.9875827e-01
   5.9847005e-01
   5.9788947e-01
  -6.2286849e-01
  -2.0860054e-01
   6.6054175e-01
   2.8989214e-01
  -2.4852476e-01
   7.8808257e-01
  -2.2851423e-01
   2.6885580e-02
   1.4820375e+00
   1.6727229e-01
   2.0793201e-01
   1.0507726e+00
   1.0103666e+00
   2.8676786e-02
   1.4251678e+00
   8.6935328e-01
   7.9336409e-01
   8.8551652e-01
   1.8867961e+00
   8.6637331e-01
   2.5376527e+00
   1.5683818e+00
   1.9267608e+00
   1.4599644e+00
   8.6148856e-01
   1.3880271e+00
  -2.3370439e-01
   7.3315736e-01
   7.5340263e-02
   7.9663195e-01
   4.1309386e-01
   3.2432750e-01
  -4.6626613e-03
   9.0204641e-02
   1.8410754e-01
  -1.7854845e-01
   1.9581368e-01
   4.5011815e-01
   4.8523761e-01
   6.8296119e-01
   5.9804078e-01
   5.8773925e-01
   5.8773925e-01
   5.8773925e-01
   5.8773925e-01
   5.8773925e-01
   5.8773925e-01
   5.8773925e-01
   5.8773925e-01
   5.8773925e-01
   5.8773925e-01
   5.8773925e-01
   5.8773925e-01
   5.8773925e-01
   5.8773925e-01
   5.8773925e-01
   5.8773925e-01
   5.8773925e-01
   5.8773925e-01
   5.8773925e-01
   5.8773925e-01
   5.8773925e-01
   5.8773925e-01
   5.8773925e-01
   5.8773925e-01
   5.8773925e-01
   5.8773925e-01
   5.8773925e-01
   5.8773925e-01
   5.8773925e-01
   5.8773925e-01
   5.8773925e-01
   5.8773925e-01
   5.8773925e-01
   5.8773925e-01
   5.8773925e-01
   5.8773925e-01
   5.8773925e-01
   5.8773925e-01
   3.7129683e-01
  -9.6081993e-01
   6.1093442e-01
   8.0740407e-01
   7.3271118e-02
  -6.1152999e-01
   9.0288758e-01
  -2.3449838e-01
   3.0608032e-01
   9.4777673e-01
   5.1108900e-01
   1.1922776e-01
   1.4602303e+00
   4.1688568e-01
   8.2513586e-01
   1.1322763e+00
   7.9917932e-01
   8.8604091e-01
   1.4832352e+00
   1.4429148e+00
   1.9627199e+00
   1.6747744e+00
   1.7121586e+00
   1.5512747e+00
   1.1078741e+00
   1.3144185e+00
  -3.8647860e-01
   5.7252064e-01
   6.0131475e-01
   4.1280182e-01
   2.3101879e-01
   2.9494270e-01
   4.2303640e-01
  -1.4862960e-01
  -2.9365201e-01
   1.4882027e-02
   3.1520283e-01
  -1.6805635e+00
   7.7138644e-01
  -1.5726594e-01
  -7.1806828e-01
   9.5198448e-01
   4.0510092e-01
  -4.1361515e-01
   1.1136337e+00
   8.1563603e-01
  -5.2348377e-01
   1.7316670e+00
   6.3910462e-01
   3.7937293e-01
   8.2437979e-01
   1.4096010e+00
   6.9412536e-01
   8.9634552e-01
   1.7907634e+00
   8.6469191e-01
   1.2454099e+00
   3.4331482e+00
   8.1627274e-01
   1.2542362e+00
   1.2042477e+00
   1.3071045e+00
   2.4853146e-01
   2.3410172e-01
   6.0555611e-01
   3.5812238e-01
   2.9300880e-01
   4.2782653e-01
   3.2231311e-01
  -1.5384496e-01
   5.9359770e-02
   1.3800015e-01
   6.3141710e-02
   5.0637453e-01
   2.2221161e-01
   8.6325694e-01
   5.9140278e-01
   5.8868317e-01
   5.9869149e-01
   5.7809875e-01
   5.8839512e-01
   5.8839512e-01
   5.8839512e-01
   5.8839512e-01
   5.8839512e-01
   5.7838680e-01
   6.0898785e-01
   5.6809043e-01
   5.9897954e-01
   5.9869149e-01
   5.6809043e-01
   5.9897954e-01
   5.8868317e-01
   5.9869149e-01
   5.6809043e-01
   5.9897954e-01
   5.8868317e-01
   5.9869149e-01
   5.7809875e-01
   5.7838680e-01
   6.0898785e-01
   5.7809875e-01
   5.7838680e-01
   5.9897954e-01
   5.9869149e-01
   5.7809875e-01
   5.8839512e-01
   5.8839512e-01
   5.7838680e-01
   5.9897954e-01
   5.8868317e-01
   5.8868317e-01
   5.9869149e-01
   5.6809043e-01
   5.9897954e-01
   5.9869149e-01
   5.6809043e-01
   5.9897954e-01
   5.9869149e-01
   5.7809875e-01
   5.8839512e-01
   5.6894351e-01
  -6.7208769e-01
   3.1971030e-01
   3.5898228e-01
   6.5354570e-01
  -4.7264761e-01
   3.1186410e-01
   6.0109896e-01
  -8.6214767e-01
   1.2353514e+00
   5.9210857e-01
  -1.7097833e-02
   1.5913209e+00
   4.7560808e-01
   6.4412401e-01
   1.1539900e+00
   1.3819349e+00
   5.2264037e-01
   8.2447164e-01
   1.8664279e+00
   1.0401233e+00
   2.8400855e+00
   1.7907501e+00
   1.0797435e+00
   1.4081200e+00
   1.2347301e+00
   2.5039432e-01
   4.8302604e-01
   9.1266936e-02
   8.7285043e-01
   2.0526520e-01
   2.0752130e-01
   3.2033999e-01
   2.4015649e-01
   2.1093499e-01
  -1.6729218e-01
  -8.4451710e-02
   3.2078087e-01
   3.9098911e-01
   8.6397111e-01
  -2.2699173e+00
   3.7654927e-01
   9.9249007e-01
  -1.5794591e-01
  -3.1061734e-01
   7.4913407e-01
  -4.0456540e-01
   3.8808969e-01
   1.4578243e+00
   4.3045818e-01
  -1.3468300e-01
   1.0011306e+00
   1.4684967e+00
   2.1487804e-01
   8.3698253e-01
   1.4510882e+00
   9.1530366e-01
   1.6602030e+00
   1.5859683e+00
   1.6981699e+00
   1.7000834e+00
   1.4079100e+00
   2.3060324e+00
   6.9907636e-01
   1.5268060e+00
  -2.0625523e-01
   6.1573148e-01
   3.8053521e-01
   7.5971263e-01
   2.4466711e-01
   3.9785539e-01
   1.1782470e-01
   2.1047211e-01
  -1.9392803e-01
   1.0272086e-01
   1.5238405e-01
   7.5421809e-01
   2.6944640e-01
   5.1401575e-01
   6.9951864e-01
   6.3930452e-01
   5.9033407e-01
   5.9033407e-01
   5.9033407e-01
   5.9033407e-01
   5.9033407e-01
   5.9033407e-01
   5.9033407e-01
   5.9033407e-01
   5.9033407e-01
   5.9033407e-01
   5.9033407e-01
   5.9033407e-01
   5.9033407e-01
   5.9033407e-01
   5.9033407e-01
   5.9033407e-01
   5.9033407e-01
   5.9033407e-01
   5.9033407e-01
   5.9033407e-01
   5.9033407e-01
   5.9033407e-01
   5.9033407e-01
   5.9033407e-01
   5.9033407e-01
   5.9033407e-01
   5.9033407e-01
   5.9033407e-01
   5.9033407e-01
   5.9033407e-01
   5.9033407e-01
   5.9033407e-01
   5.9033407e-01
   5.9033407e-01
   5.9033407e-01
   5.9033407e-01
   5.9033407e-01
   5.9033407e-01
   5.9033407e-01
   5.9033407e-01
   5.9033407e-01
   5.9033407e-01
   5.9033407e-01
   5.9033407e-01
   5.9033407e-01
   5.9033407e-01
   5.9033407e-01
   5.9033407e-01
   5.9033407e-01
   5.9033407e-01
   5.9033407e-01
   5.9033407e-01
   5.9033407e-01
   5.9033407e-01
   5.9033407e-01
   5.9033407e-01
   5.9033407e-01
  -3.4393895e-01
  -4.8619101e-01
   7.0266669e-01
   5.4005897e-01
  -3.2431910e-01
   4.2639710e-01
   6.1646536e-01
  -7.3648410e-01
   1.3628908e+00
   1.9323549e-01
   3.1014884e-01
   1.4671677e+00
   2.7294110e-01
   1.2664127e+00
   5.7225060e-01
   1.4960699e+00
   9.3573988e-01
   1.6332058e+00
   9.5455415e-01
   1.1680896e+00
   3.3958026e+00
   9.0793108e-01
   1.2236272e+00
   1.9154251e+00
   4.9582337e-01
   4.9809941e-01
   1.9514814e-01
   4.1132855e-01
   7.2748813e-01
   1.2180879e-01
   2.6614019e-01
   3.4016266e-01
   9.2731387e-02
  -2.3266532e-01
   1.3725402e-01
   3.0396476e-01
  -5.3139883e-01
   1.0216482e+00
   2.8949192e-01
  -6.9227146e-01
   1.0018982e+00
  -3.4068874e-01
  -1.0573129e-01
   1.5865160e+00
  -1.2633013e-01
   1.4458347e+00
  -7.4724030e-01
   1.6760670e+00
   7.3643746e-01
   5.4817059e-01
   1.5164081e+00
   8.2483161e-01
   1.1621996e+00
   1.6163589e+00
   9.2250058e-01
   1.8519744e+00
   1.7073480e+00
   2.4483371e+00
   8.4946120e-01
   1.4568613e+00
   1.0587606e+00
  -3.4224498e-02
   4.1571280e-01
   6.2508212e-01
   4.6641581e-01
   4.3109315e-01
   1.7342275e-01
   2.6534617e-01
  -4.5562879e-02
   1.2702285e-01
   2.2361393e-01
   3.7203226e-02
   4.0694687e-01
   5.0779137e-01
   6.9850987e-01
   5.5095157e-01
   5.9297382e-01
   5.8486320e-01
   5.8760850e-01
   5.8760850e-01
   5.8760850e-01
   5.8760850e-01
   5.8495157e-01
   5.9057247e-01
   5.8782461e-01
   5.8782461e-01
   5.8782461e-01
   5.9022852e-01
   5.8220371e-01
   5.9297382e-01
   5.8486320e-01
   5.8760850e-01
   5.8760850e-01
   5.8760850e-01
   5.8495157e-01
   5.9057247e-01
   5.8782461e-01
   5.9022852e-01
   5.8220371e-01
   5.9297382e-01
   5.8486320e-01
   5.8495157e-01
   5.9297382e-01
   5.8220371e-01
   5.9057247e-01
   5.8782461e-01
   5.8782461e-01
   5.8782461e-01
   5.8782461e-01
   5.9022852e-01
   5.8220371e-01
   5.9057247e-01
   5.8782461e-01
   5.8782461e-01
  -3.1404314e-01
  -4.0482433e-01
   1.0029172e+00
   6.9592937e-01
  -1.0161640e+00
  -6.0681756e-02
   7.1969210e-01
  -4.2757242e-01
   9.3377607e-01
   7.0092184e-01
   5.2968974e-01
   2.2290449e-01
   1.3155655e+00
   7.7506649e-01
   2.7051503e-01
   1.5424011e+00
   7.8653088e-01
   8.1219612e-01
   1.8165357e+00
   1.3085342e+00
   1.3430512e+00
   1.9764763e+00
   1.8436622e+00
   1.7133809e+00
   1.0916252e+00
   1.1542453e+00
   1.0432357e-01
   3.9805225e-01
   4.3862251e-01
   4.9749796e-01
   3.6956147e-01
   2.8358145e-01
   3.3064438e-01
   1.4888492e-01
   1.6328751e-02
   3.2761490e-01
  -5.5297377e-01
   4.9352577e-01
   3.2474729e-01
   8.9637154e-01
  -1.1474016e+00
   3.5400678e-01
   4.7127414e-01
   1.0248793e+00
  -1.0198080e+00
   6.0523345e-02
   4.6739975e-01
  -1.4048866e-01
   1.2357925e+00
   6.8043328e-01
   2.1256406e-02
   7.0159480e-01
   1.3270198e+00
   6.6660306e-01
   6.9038902e-01
   1.3202983e+00
   9.4812263e-01
   7.3162712e-01
   1.9784135e+00
   1.1140938e+00
   2.8371126e+00
   1.3177568e+00
   1.7572289e+00
   1.3528383e+00
   9.7360227e-01
   1.3563615e+00
  -5.5507040e-01
   8.6999182e-01
   4.9425130e-01
   3.6929364e-01
   4.0142268e-01
   3.8885613e-01
   5.1612404e-02
   2.2005051e-01
   2.3556191e-01
  -2.1176945e-01
   1.3333205e-01
   4.3204421e-01
   7.1698972e-01
   3.2240331e-01
   7.0767278e-01
   5.4738339e-01
   5.8434539e-01
   5.8434539e-01
   5.8434539e-01
   5.8434539e-01
   5.8434539e-01
   5.8434539e-01
   5.8434539e-01
   5.8434539e-01
   5.8434539e-01
   5.8434539e-01
   5.8434539e-01
   5.8434539e-01
   5.8434539e-01
   5.8434539e-01
   5.8434539e-01
   5.8434539e-01
   5.8434539e-01
   5.8434539e-01
   5.8434539e-01
   5.8434539e-01
   5.8434539e-01
   5.8434539e-01
   5.8434539e-01
   5.8434539e-01
   5.8434539e-01
   5.8434539e-01
   5.8434539e-01
   5.8434539e-01
   5.8434539e-01
   5.8434539e-01
   5.8434539e-01
   5.8434539e-01
   5.8434539e-01
   5.8434539e-01
   5.8434539e-01
   5.8434539e-01
   5.8434539e-01
   5.8434539e-01
   5.8434539e-01
   5.8434539e-01
   5.8434539e-01
   5.8434539e-01
   5.8434539e-01
   5.8434539e-01
   5.8434539e-01
   5.8434539e-01
   5.8434539e-01
   5.8434539e-01
   5.8434539e-01
   5.8434539e-01
   6.1433187e-01
  -3.4761192e-01
  -1.4011114e+00
   1.3528069e+00
  -8.7399771e-02
   5.5996624e-02
   7.2574816e-01
   1.6800928e-01
  -6.8099808e-01
   1.6635107e+00
   3.1589142e-01
   6.8469518e-02
   1.1168692e+00
   9.6438378e-01
   6.0501695e-01
   1.4568331e+00
   1.0357423e+00
   5.3679891e-01
   1.4137012e+00
   1.3486399e+00
   8.5804001e-01
   2.1973053e+00
   2.5316677e+00
   9.0996884e-01
   1.0945249e+00
   1.7284733e+00
  -3.0322483e-02
   3.4356676e-01
   6.2786193e-01
   4.0136048e-01
   3.9163268e-01
   4.3047010e-01
   1.0328719e-01
   8.0779359e-02
   4.7219219e-02
   8.3983393e-02
   1.5920981e-01
   3.5934674e-01
  -1.8987348e+00
  -6.8695917e-01
   1.5985861e+00
  -1.9875591e-01
  -5.1468512e-01
   6.4534410e-01
  -2.8462030e-01
   4.0673412e-01
   9.5005720e-01
   4.4833411e-01
   1.1968066e-01
   1.2908451e+00
   8.7794814e-01
   5.0584799e-01
   1.4944207e+00
   7.7941768e-01
   7.6414600e-01
   1.3207208e+00
   1.6037262e+00
   8.8336660e-01
   2.2401860e+00
   2.7571284e+00
   9.1040172e-01
   1.0825930e+00
   1.7488189e+00
   1.6159212e-01
  -2.8251510e-02
   9.5636283e-01
   3.3885469e-01
   3.4512424e-01
   2.9401781e-01
   3.6912668e-01
  -6.6346180e-02
   1.6976262e-01
   2.2509603e-01
  -2.1891500e-01
   3.9951783e-01
   5.5733719e-01
   3.5005181e-01
   7.8424413e-01
   5.9177028e-01
   5.9142567e-01
   5.8610238e-01
   5.8882716e-01
   5.8882716e-01
   5.8882716e-01
   5.8882716e-01
   5.8618944e-01
   5.9177028e-01
   5.8904293e-01
   5.8904293e-01
   5.9142567e-01
   5.8346209e-01
   5.9415044e-01
   5.8346209e-01
   5.9415044e-01
   5.8346209e-01
   5.9177028e-01
   5.8904293e-01
   5.8904293e-01
   5.8904293e-01
   5.8904293e-01
   5.8904293e-01
   5.9142567e-01
   5.8610238e-01
   5.8618944e-01
   5.9177028e-01
   5.8904293e-01
   5.8904293e-01
   5.8904293e-01
   5.8904293e-01
   5.8904293e-01
   5.8904293e-01
   5.8904293e-01
   5.9142567e-01
   5.8346209e-01
   5.9415044e-01
   5.8346209e-01
   5.9177028e-01
   5.8904293e-01
   5.8904293e-01
   5.8904293e-01
   5.6076921e-01
  -1.0777453e+00
  -2.5729653e-03
   8.6617214e-01
   1.8294612e-01
  -2.4730404e-01
   8.3283817e-01
   6.0356326e-01
  -1.7243560e+00
   1.7772610e+00
   3.4110728e-01
   9.3365993e-01
  -1.6039131e-01
   1.1993518e+00
   6.4790805e-01
   9.5632173e-01
   1.2180933e+00
   7.0079744e-01
   9.3578277e-01
   1.5633092e+00
   1.4256020e+00
   1.5248487e+00
   1.9324297e+00
   1.8383412e+00
   1.4956183e+00
   8.9983860e-01
   1.5910228e+00
   4.3484658e-02
   7.5178262e-02
   6.8333063e-01
   3.6693353e-01
   4.4031441e-01
   3.5692857e-01
   3.9847666e-01
   1.8812077e-01
   2.5616180e-02
   2.9892970e-01
  -6.0903638e-01
   1.2914932e-01
   6.4081323e-01
   2.4683944e-01
  -4.2898972e-01
   5.0143479e-01
   6.2452015e-01
  -7.6701639e-01
   6.8863393e-01
   5.0505455e-01
  -5.8185695e-01
   5.7939877e-01
   1.4380932e+00
  -3.8455731e-01
   9.8033972e-01
   1.2460264e+00
   3.0425416e-01
   9.5092601e-01
   1.2162418e+00
   7.1211274e-01
   1.5806724e+00
   1.5122094e+00
   4.7636728e-01
   2.9926178e+00
   1.7948004e+00
   1.1611922e+00
   1.5916558e+00
   9.5814824e-01
   8.9484736e-01
  -4.0380674e-02
   6.5499543e-01
   5.1674793e-01
   5.3304208e-01
   2.5255202e-01
   3.4877723e-01
   2.4709423e-01
  -7.0843938e-02
   1.7586864e-01
  -2.9574820e-01
   1.7689640e-01
   2.2697521e-01
   6.4452283e-01
   4.4551235e-01
   6.0346034e-01
   5.5312258e-01
   5.8634002e-01
   5.8634002e-01
   5.8634002e-01
   5.8370869e-01
   5.9165275e-01
   5.8362041e-01
   5.8634002e-01
   5.8370869e-01
   5.8927945e-01
   5.8893313e-01
   5.8362041e-01
   5.8634002e-01
   5.8634002e-01
   5.8634002e-01
   5.8634002e-01
   5.8370869e-01
   5.8927945e-01
   5.8655726e-01
   5.8893313e-01
   5.8362041e-01
   5.8634002e-01
   5.8634002e-01
   5.8634002e-01
   5.8634002e-01
   5.8634002e-01
   5.8634002e-01
   5.8634002e-01
   5.8634002e-01
   5.8370869e-01
   5.9165275e-01
   5.8362041e-01
   5.8634002e-01
   5.8370869e-01
   5.9165275e-01
   5.8362041e-01
   5.8634002e-01
   5.8634002e-01
   5.8634002e-01
   5.8634002e-01
   5.8634002e-01
   5.8634002e-01
  -5.8093238e-01
  -4.9047196e-01
   3.7672715e-01
   1.0633003e+00
  -1.1166429e+00
   1.0242387e+00
   9.0712365e-02
  -4.6066288e-01
   1.3488052e+00
   6.1013544e-01
  -1.5617571e-01
   1.3231101e+00
   8.7409390e-01
   6.2535572e-01
   1.4516310e+00
   9.0468117e-01
   5.2205049e-01
   1.7741371e+00
   1.2754671e+00
   9.6991111e-01
   2.6401807e+00
   1.5019187e+00
   1.2313846e+00
   1.4451507e+00
   8.8382576e-01
   6.2653148e-01
   1.4072008e-01
   4.5114355e-01
   5.1974249e-01
   4.4476098e-01
   1.8738858e-01
   1.9979073e-01
   7.2223635e-02
   1.0387187e-01
   9.2119040e-02
   1.6313229e-01
   4.7346114e-01
  -9.7010064e-01
  -4.6511573e-01
   9.6813652e-01
   6.5188742e-01
  -7.7810950e-01
   5.9277236e-01
   2.7253753e-01
  -2.9135403e-01
   9.9495661e-01
   7.1859075e-01
  -6.2874888e-02
   1.3259484e+00
   8.0878976e-01
   6.0410607e-01
   1.1312883e+00
   1.4478169e+00
   8.9015330e-01
   1.1150247e+00
   1.5370737e+00
   1.1819989e+00
   2.4520657e+00
   1.3983490e+00
   2.0271730e+00
   8.7247461e-01
   1.2158794e+00
   6.3711267e-02
   4.3351936e-01
   5.2054872e-01
   5.9698772e-01
   1.8967831e-01
   5.8934127e-01
   2.5719003e-01
   2.9884109e-03
   1.5224232e-01
   1.4671075e-01
  -3.3705141e-01
   6.5092478e-01
   9.0619346e-02
   8.5260033e-01
   5.7329493e-01
   5.7211931e-01
   5.8513530e-01
   5.8513530e-01
   5.8513530e-01
   5.8513530e-01
   5.8513530e-01
   5.8513530e-01
   5.8513530e-01
   5.8513530e-01
   5.8513530e-01
   5.8513530e-01
   5.8513530e-01
   5.8513530e-01
   5.8513530e-01
   5.8513530e-01
   5.8513530e-01
   5.8513530e-01
   5.8513530e-01
   5.8513530e-01
   5.8513530e-01
   5.8513530e-01
   5.8513530e-01
   5.8513530e-01
   5.8513530e-01
   5.8513530e-01
   5.8513530e-01
   5.8513530e-01
   5.8513530e-01
   5.8513530e-01
   5.8513530e-01
   5.8513530e-01
   5.8513530e-01
   5.8513530e-01
   5.8513530e-01
   5.8513530e-01
   5.8513530e-01
   5.8513530e-01
   5.8513530e-01
   5.8513530e-01
   5.8513530e-01
   5.8513530e-01
   5.8513530e-01
   6.4998587e-01
  -1.8735141e+00
   3.2922354e-01
   1.2738221e+00
  -1.2453887e+00
   4.3005238e-01
   7.3318525e-01
  -5.4291463e-01
   7.2639010e-01
   4.1865918e-01
   4.8689823e-01
   5.1131909e-01
   1.2400196e+00
   5.7157357e-01
   7.3979970e-01
   1.4693902e+00
   4.6873360e-01
   9.6538343e-01
   1.1740277e+00
   1.0878798e+00
   1.3623163e+00
   2.3932211e+00
   1.7238880e+00
   1.4180490e+00
   1.3815502e+00
   5.2435633e-01
   2.3106800e-01
   5.8794944e-01
   4.8111694e-01
   5.3033030e-01
   2.6014959e-01
   2.6712603e-01
   3.5462628e-01
   4.5296426e-01
  -8.4700392e-01
  -5.2339426e-02
  -7.5477455e-02
   2.5093540e-01
  -2.5017651e+00
   1.5040924e+00
   6.0339431e-01
  -1.4013819e+00
   1.0161940e+00
   6.9088107e-01
  -1.0284515e+00
   6.5404936e-01
   9.0280266e-01
   4.3854537e-01
   3.9159301e-01
   1.2996722e+00
   7.5549197e-01
   4.5597610e-01
   1.6127085e+00
   7.2413862e-01
   7.8156513e-01
   1.6961607e+00
   7.4255864e-01
   1.7460414e+00
   2.4725393e+00
   1.8085214e+00
   9.1035191e-01
   1.6607024e+00
   5.5616100e-01
   3.8279139e-01
   1.2274000e-01
   6.4040133e-01
   3.8426679e-01
   3.2779695e-01
   3.4874340e-01
   3.4984569e-02
   1.6197729e-01
   2.4436489e-01
  -2.4710935e-01
   2.6283333e-01
  -1.0195235e-01
   9.4292064e-01
   5.3132195e-01
   5.5585532e-01
   6.0768512e-01
   5.7676506e-01
   5.8707175e-01
   5.8707175e-01
   5.8707175e-01
   5.8707175e-01
   5.8707175e-01
   5.8707175e-01
   5.8707175e-01
   5.8707175e-01
   5.8707175e-01
   5.8707175e-01
   5.8707175e-01
   5.7706109e-01
   6.0768512e-01
   5.7676506e-01
   5.8707175e-01
   5.8707175e-01
   5.7706109e-01
   6.0768512e-01
   5.7676506e-01
   5.8707175e-01
   5.7706109e-01
   6.0768512e-01
   5.7676506e-01
   5.8707175e-01
   5.8707175e-01
   5.8707175e-01
   5.8707175e-01
   5.8707175e-01
   5.8707175e-01
   5.8707175e-01
   5.8707175e-01
   5.8707175e-01
   5.8707175e-01
   5.8707175e-01
   5.8707175e-01
   5.8707175e-01
   5.8707175e-01
   5.8707175e-01
   5.8707175e-01
   5.8707175e-01
   5.8707175e-01
   5.8707175e-01
   5.8707175e-01
   5.8707175e-01
   5.8707175e-01
   5.8707175e-01
   5.8707175e-01
   5.8707175e-01
   5.8707175e-01
   5.8707175e-01
   5.8707175e-01
   5.8707175e-01
   5.8707175e-01
   5.8707175e-01
   5.8707175e-01
   5.8707175e-01
   5.7706109e-01
   6.0768512e-01
   5.7676506e-01
   5.8707175e-01
   5.7706109e-01
   6.0768512e-01
   5.7676506e-01
   5.8707175e-01
   5.8707175e-01
   5.7706109e-01
   6.0768512e-01
   5.7676506e-01
   5.8707175e-01
   5.7706109e-01
   6.0768512e-01
   5.7676506e-01
   5.8707175e-01
   5.8707175e-01
   5.7706109e-01
   6.0768512e-01
   5.7676506e-01
   5.8707175e-01
   5.8707175e-01
   5.8707175e-01
   5.8707175e-01
   5.8707175e-01
   5.8707175e-01
   5.8707175e-01
   5.7706109e-01
   5.9767446e-01
   5.9737843e-01
   5.7676506e-01
   5.8707175e-01
   5.7706109e-01
   6.0768512e-01
   5.7676506e-01
   5.8707175e-01
   5.7706109e-01
   6.0768512e-01
   5.7676506e-01
   5.8707175e-01
   5.8707175e-01
   5.8707175e-01
   5.8707175e-01
   5.8707175e-01
   5.8707175e-01
   5.8707175e-01
   5.8707175e-01
   5.8707175e-01
   5.8707175e-01
   5.8707175e-01
   5.7706109e-01
   5.9767446e-01
   5.9737843e-01
   5.6675440e-01
   6.0768512e-01
   5.7676506e-01
   5.8707175e-01
   5.8707175e-01
   5.8707175e-01
   5.8707175e-01
   5.8707175e-01
   5.8707175e-01
   5.8707175e-01
   5.7706109e-01
   6.0768512e-01
   5.7676506e-01
   5.7706109e-01
   6.0768512e-01
   5.7676506e-01
   5.8707175e-01
   5.8707175e-01
   5.8707175e-01
   5.8707175e-01
   5.8707175e-01
   5.8707175e-01
   5.8707175e-01
   5.8707175e-01
   5.8707175e-01
   5.7706109e-01
   6.0768512e-01
   5.7676506e-01
   5.8707175e-01
   5.7706109e-01
   6.0768512e-01
   5.7676506e-01
   5.7706109e-01
   6.0768512e-01
   5.7676506e-01
   5.8707175e-01
   5.8707175e-01
   5.8707175e-01
   5.8707175e-01
   5.8707175e-01
   5.8707175e-01
   5.8707175e-01
   5.8707175e-01
   5.8707175e-01
   5.8707175e-01
   5.8707175e-01
   5.8707175e-01
   5.8707175e-01
   5.8707175e-01
   5.8707175e-01
   5.8707175e-01
   5.8707175e-01
   5.8707175e-01
  -3.2859389e-01
  -5.6246596e-02
   7.1868728e-02
   1.4217655e+00
  -1.3654068e+00
  -1.8437876e-01
   1.0605601e+00
  -9.3477882e-01
   1.0626882e+00
   8.5446845e-01
   2.1228596e-01
   4.6080732e-01
   1.3010984e+00
   1.0530275e+00
   3.0017654e-01
   5.5162934e-01
   1.4490167e+00
   7.1654017e-01
   1.5618983e+00
   1.5298660e+00
   8.0670671e-01
   2.8154726e+00
   1.2381022e+00
   2.0897645e+00
   1.4232290e+00
   9.1950924e-01
   9.2271285e-01
   1.6945291e-01
   4.5784385e-01
   4.9058827e-01
   4.2817602e-01
   3.0583083e-01
   1.7852659e-01
  -1.5036005e-01
   3.2383421e-01
   6.4297066e-02
   5.4252424e-02
   3.8620833e-01
   3.7472045e-01
   7.5181962e-01
   4.6245216e-01
   6.3171812e-01
  -4.0100377e-01
  -2.3048617e-01
   5.3112358e-01
   8.9064212e-01
  -9.6546678e-01
  -4.7111693e-01
   1.6470471e+00
  -1.7071249e+00
   1.6861085e+00
   5.8757637e-01
  -5.3240768e-02
   1.0678707e+00
   9.4632989e-01
   5.8201488e-01
   7.5078049e-01
   1.3655763e+00
   1.0626922e+00
   4.1317632e-01
   2.0355084e+00
   1.0086170e+00
   2.4726290e+00
   1.5339259e+00
   1.3423306e+00
   1.2783722e+00
   1.7488596e+00
   5.8972469e-01
   4.0092269e-01
   2.2953418e-01
   5.5037223e-01
   5.1512219e-01
   3.6480501e-01
   6.5912799e-02
   2.3556335e-01
   2.6358954e-01
  -2.5526478e-01
   1.0375085e-01
   1.9962680e-01
   9.7712266e-01
  -2.5277127e-01
   1.2012033e+00
   4.9432751e-01
   7.4755013e-01
   4.1320791e-01
   5.8513530e-01
   5.8513530e-01
   5.8513530e-01
   5.8513530e-01
   5.8513530e-01
   5.8513530e-01
   5.8513530e-01
   5.8513530e-01
   5.8513530e-01
   5.8513530e-01
   5.8513530e-01
   5.8513530e-01
   5.8513530e-01
   5.8513530e-01
   5.8513530e-01
   5.8513530e-01
   5.8513530e-01
   5.7514218e-01
   6.0572803e-01
   5.7483893e-01
   5.8513530e-01
   5.8513530e-01
   5.8513530e-01
   5.8513530e-01
   5.8513530e-01
   5.8513530e-01
   5.8513530e-01
   5.8513530e-01
   5.8513530e-01
   5.8513530e-01
   5.8513530e-01
   5.8513530e-01
   5.8513530e-01
   5.8513530e-01
   5.8513530e-01
   5.8513530e-01
   5.8513530e-01
   5.8513530e-01
   5.8513530e-01
   5.8513530e-01
   5.8513530e-01
   5.8513530e-01
   5.8513530e-01
   5.7514218e-01
   6.0572803e-01
  -2.3312819e-02
  -2.1957536e+00
   1.5788464e+00
   2.9398975e-01
  -3.5464313e-01
   5.1669844e-01
   4.0024238e-01
  -2.7074755e-01
   1.4324643e+00
   1.4142030e-01
   2.2694448e-01
   1.2071014e+00
   7.9680947e-01
   7.0317027e-01
   6.1270105e-01
   1.3488211e+00
   1.0323376e+00
   2.5068519e-01
   1.1689435e+00
   1.2408734e+00
   8.4412221e-01
   2.2342714e+00
   2.6533057e+00
   9.6605452e-01
   1.5999545e+00
   1.1200280e+00
   5.1757741e-01
  -4.0631202e-02
   9.4251593e-01
   3.5236781e-01
   4.4598986e-01
   3.9280484e-01
   9.4964419e-02
   3.1968679e-01
   2.8946143e-01
  -2.2151635e-01
  -1.1145423e-02
   3.1699994e-01
  -2.9665628e-01
  -9.3267110e-01
   8.4729041e-01
   9.2659182e-01
  -1.1976368e+00
   2.3119497e-01
   3.6067156e-01
  -1.8085966e-01
   8.1250875e-01
   9.1321390e-01
   1.7530351e-01
   6.0555090e-01
   1.2517082e+00
   1.3940024e+00
  -3.5146141e-01
   1.3632366e+00
   1.2541871e+00
   6.5487729e-01
   1.2318498e+00
   1.6831315e+00
   1.1475685e+00
   2.2845336e+00
   1.2512551e+00
   1.3659415e+00
   1.9760760e+00
   5.9337512e-01
   9.6732923e-01
  -2.6235240e-01
   8.2161980e-01
   5.3314411e-01
   3.4378496e-01
   3.2247818e-01
   9.6756022e-02
   2.5906228e-01
   2.4773590e-01
  -2.1974875e-01
   1.0553230e-01
   3.8816690e-01
   5.5017612e-01
   5.5129307e-01
   4.4483124e-01
   6.1813870e-01
   5.8730687e-01
   5.8730687e-01
   5.1300986e-01
   6.9207716e-01
   5.7788765e-01
   5.7817586e-01
   6.0876126e-01
   5.6788466e-01
   6.0876126e-01
   5.6788466e-01
   5.9875827e-01
   5.9847005e-01
   5.9788947e-01
  -6.2286849e-01
  -2.0860054e-01
   6.6054175e-01
   2.8989214e-01
  -2.4852476e-01
   7.8808257e-01
  -2.2851423e-01
   2.6885580e-02
   1.4820375e+00
   1.6727229e-01
   2.0793201e-01
   1.0507726e+00
   1.0103666e+00
   2.8676786e-02
   1.4251678e+00
   8.6935328e-01
   7.9336409e-01
   8.8551652e-01
   1.8867961e+00
   8.6637331e-01
   2.5376527e+00
   1.5683818e+00
   1.9267608e+00
   1.4599644e+00
   8.6148856e-01
   1.3880271e+00
  -2.3370439e-01
   7.3315736e-01
   7.5340263e-02
   7.9663195e-01
   4.1309386e-01
   3.2432750e-01
  -4.6626613e-03
   9.0204641e-02
   1.8410754e-01
  -1.7854845e-01
   1.9581368e-01
   4.5011815e-01
   4.8523761e-01
   6.8296119e-01
   5.9804078e-01
   5.8773925e-01
   5.8773925e-01
   5.8773925e-01
   5.8773925e-01
   5.8773925e-01
   5.8773925e-01
   5.8773925e-01
   5.8773925e-01
   5.8773925e-01
   5.8773925e-01
   5.8773925e-01
   5.8773925e-01
   5.8773925e-01
   5.8773925e-01
   5.8773925e-01
   5.8773925e-01
   5.8773925e-01
   5.8773925e-01
   5.8773925e-01
   5.8773925e-01
   5.8773925e-01
   5.8773925e-01
   5.8773925e-01
   5.8773925e-01
   5.8773925e-01
   5.8773925e-01
   5.8773925e-01
   5.8773925e-01
   5.8773925e-01
   5.8773925e-01
   5.8773925e-01
   5.8773925e-01
   5.8773925e-01
   5.8773925e-01
   5.8773925e-01
   5.8773925e-01
   5.8773925e-01
   5.8773925e-01
   3.7129683e-01
  -9.6081993e-01
   6.1093442e-01
   8.0740407e-01
   7.3271118e-02
  -6.1152999e-01
   9.0288758e-01
  -2.3449838e-01
   3.0608032e-01
   9.4777673e-01
   5.1108900e-01
   1.1922776e-01
   1.4602303e+00
   4.1688568e-01
   8.2513586e-01
   1.1322763e+00
   7.9917932e-01
   8.8604091e-01
   1.4832352e+00
   1.4429148e+00
   1.9627199e+00
   1.6747744e+00
   1.7121586e+00
   1.5512747e+00
   1.1078741e+00
   1.3144185e+00
  -3.8647860e-01
   5.7252064e-01
   6.0131475e-01
   4.1280182e-01
   2.3101879e-01
   2.9494270e-01
   4.2303640e-01
  -1.4862960e-01
  -2.9365201e-01
   1.4882027e-02
   3.1520283e-01
  -1.6805635e+00
   7.7138644e-01
  -1.5726594e-01
  -7.1806828e-01
   9.5198448e-01
   4.0510092e-01
  -4.1361515e-01
   1.1136337e+00
   8.1563603e-01
  -5.2348377e-01
   1.7316670e+00
   6.3910462e-01
   3.7937293e-01
   8.2437979e-01
   1.4096010e+00
   6.9412536e-01
   8.9634552e-01
   1.7907634e+00
   8.6469191e-01
   1.2454099e+00
   3.4331482e+00
   8.1627274e-01
   1.2542362e+00
   1.2042477e+00
   1.3071045e+00
   2.4853146e-01
   2.3410172e-01
   6.0555611e-01
   3.5812238e-01
   2.9300880e-01
   4.2782653e-01
   3.2231311e-01
  -1.5384496e-01
   5.9359770e-02
   1.3800015e-01
   6.3141710e-02
   5.0637453e-01
   2.2221161e-01
   8.6325694e-01
   5.9140278e-01
   5.8868317e-01
   5.9869149e-01
   5.7809875e-01
   5.8839512e-01
   5.8839512e-01
   5.8839512e-01
   5.8839512e-01
   5.8839512e-01
   5.7838680e-01
   6.0898785e-01
   5.6809043e-01
   5.9897954e-01
   5.9869149e-01
   5.6809043e-01
   5.9897954e-01
   5.8868317e-01
   5.9869149e-01
   5.6809043e-01
   5.9897954e-01
   5.8868317e-01
   5.9869149e-01
   5.7809875e-01
   5.7838680e-01
   6.0898785e-01
   5.7809875e-01
   5.7838680e-01
   5.9897954e-01
   5.9869149e-01
   5.7809875e-01
   5.8839512e-01
   5.8839512e-01
   5.7838680e-01
   5.9897954e-01
   5.8868317e-01
   5.8868317e-01
   5.9869149e-01
   5.6809043e-01
   5.9897954e-01
   5.9869149e-01
   5.6809043e-01
   5.9897954e-01
   5.9869149e-01
   5.7809875e-01
   5.8839512e-01
   5.6894351e-01
  -6.7208769e-01
   3.1971030e-01
   3.5898228e-01
   6.5354570e-01
  -4.7264761e-01
   3.1186410e-01
   6.0109896e-01
  -8.6214767e-01
   1.2353514e+00
   5.9210857e-01
  -1.7097833e-02
   1.5913209e+00
   4.7560808e-01
   6.4412401e-01
   1.1539900e+00
   1.3819349e+00
   5.2264037e-01
   8.2447164e-01
   1.8664279e+00
   1.0401233e+00
   2.8400855e+00
   1.7907501e+00
   1.0797435e+00
   1.4081200e+00
   1.2347301e+00
   2.5039432e-01
   4.8302604e-01
   9.1266936e-02
   8.7285043e-01
   2.0526520e-01
   2.0752130e-01
   3.2033999e-01
   2.4015649e-01
   2.1093499e-01
  -1.6729218e-01
  -8.4451710e-02
   3.2078087e-01
   3.9098911e-01
   8.6397111e-01
  -2.2699173e+00
   3.7654927e-01
   9.9249007e-01
  -1.5794591e-01
  -3.1061734e-01
   7.4913407e-01
  -4.0456540e-01
   3.8808969e-01
   1.4578243e+00
   4.3045818e-01
  -1.3468300e-01
   1.0011306e+00
   1.4684967e+00
   2.1487804e-01
   8.3698253e-01
   1.4510882e+00
   9.1530366e-01
   1.6602030e+00
   1.5859683e+00
   1.6981699e+00
   1.7000834e+00
   1.4079100e+00
   2.3060324e+00
   6.9907636e-01
   1.5268060e+00
  -2.0625523e-01
   6.1573148e-01
   3.8053521e-01
   7.5971263e-01
   2.4466711e-01
   3.9785539e-01
   1.1782470e-01
   2.1047211e-01
  -1.9392803e-01
   1.0272086e-01
   1.5238405e-01
   7.5421809e-01
   2.6944640e-01
   5.1401575e-01
   6.9951864e-01
   6.3930452e-01
   5.9033407e-01
   5.9033407e-01
   5.9033407e-01
   5.9033407e-01
   5.9033407e-01
   5.9033407e-01
   5.9033407e-01
   5.9033407e-01
   5.9033407e-01
   5.9033407e-01
   5.9033407e-01
   5.9033407e-01
   5.9033407e-01
   5.9033407e-01
   5.9033407e-01
   5.9033407e-01
   5.9033407e-01
   5.9033407e-01
   5.9033407e-01
   5.9033407e-01
   5.9033407e-01
   5.9033407e-01
   5.9033407e-01
   5.9033407e-01
   5.9033407e-01
   5.9033407e-01
   5.9033407e-01
   5.9033407e-01
   5.9033407e-01
   5.9033407e-01
   5.9033407e-01
   5.9033407e-01
   5.9033407e-01
   5.9033407e-01
   5.9033407e-01
   5.9033407e-01
   5.9033407e-01
   5.9033407e-01
   5.9033407e-01
   5.9033407e-01
   5.9033407e-01
   5.9033407e-01
   5.9033407e-01
   5.9033407e-01
   5.9033407e-01
   5.9033407e-01
   5.9033407e-01
   5.9033407e-01
   5.9033407e-01
   5.9033407e-01
   5.9033407e-01
   5.9033407e-01
   5.9033407e-01
   5.9033407e-01
   5.9033407e-01
   5.9033407e-01
   5.9033407e-01
  -3.4393895e-01
  -4.8619101e-01
   7.0266669e-01
   5.4005897e-01
  -3.2431910e-01
   4.2639710e-01
   6.1646536e-01
  -7.3648410e-01
   1.3628908e+00
   1.9323549e-01
   3.1014884e-01
   1.4671677e+00
   2.7294110e-01
   1.2664127e+00
   5.7225060e-01
   1.4960699e+00
   9.3573988e-01
   1.6332058e+00
   9.5455415e-01
   1.1680896e+00
   3.3958026e+00
   9.0793108e-01
   1.2236272e+00
   1.9154251e+00
   4.9582337e-01
   4.9809941e-01
   1.9514814e-01
   4.1132855e-01
   7.2748813e-01
   1.2180879e-01
   2.6614019e-01
   3.4016266e-01
   9.2731387e-02
  -2.3266532e-01
   1.3725402e-01
   3.0396476e-01
  -5.3139883e-01
   1.0216482e+00
   2.8949192e-01
  -6.9227146e-01
   1.0018982e+00
  -3.4068874e-01
  -1.0573129e-01
   1.5865160e+00
  -1.2633013e-01
   1.4458347e+00
  -7.4724030e-01
   1.6760670e+00
   7.3643746e-01
   5.4817059e-01
   1.5164081e+00
   8.2483161e-01
   1.1621996e+00
   1.6163589e+00
   9.2250058e-01
   1.8519744e+00
   1.7073480e+00
   2.4483371e+00
   8.4946120e-01
   1.4568613e+00
   1.0587606e+00
  -3.4224498e-02
   4.1571280e-01
   6.2508212e-01
   4.6641581e-01
   4.3109315e-01
   1.7342275e-01
   2.6534617e-01
  -4.5562879e-02
   1.2702285e-01
   2.2361393e-01
   3.7203226e-02
   4.0694687e-01
   5.0779137e-01
   6.9850987e-01
   5.5095157e-01
   5.9297382e-01
   5.8486320e-01
   5.8760850e-01
   5.8760850e-01
   5.8760850e-01
   5.8760850e-01
   5.8495157e-01
   5.9057247e-01
   5.8782461e-01
   5.8782461e-01
   5.8782461e-01
   5.9022852e-01
   5.8220371e-01
   5.9297382e-01
   5.8486320e-01
   5.8760850e-01
   5.8760850e-01
   5.8760850e-01
   5.8495157e-01
   5.9057247e-01
   5.8782461e-01
   5.9022852e-01
   5.8220371e-01
   5.9297382e-01
   5.8486320e-01
   5.8495157e-01
   5.9297382e-01
   5.8220371e-01
   5.9057247e-01
   5.8782461e-01
   5.8782461e-01
   5.8782461e-01
   5.8782461e-01
   5.9022852e-01
   5.8220371e-01
   5.9057247e-01
   5.8782461e-01
   5.8782461e-01
  -3.1404314e-01
  -4.0482433e-01
   1.0029172e+00
   6.9592937e-01
  -1.0161640e+00
  -6.0681756e-02
   7.1969210e-01
  -4.2757242e-01
   9.3377607e-01
   7.0092184e-01
   5.2968974e-01
   2.2290449e-01
   1.3155655e+00
   7.7506649e-01
   2.7051503e-01
   1.5424011e+00
   7.8653088e-01
   8.1219612e-01
   1.8165357e+00
   1.3085342e+00
   1.3430512e+00
   1.9764763e+00
   1.8436622e+00
   1.7133809e+00
   1.0916252e+00
   1.1542453e+00
   1.0432357e-01
   3.9805225e-01
   4.3862251e-01
   4.9749796e-01
   3.6956147e-01
   2.8358145e-01
   3.3064438e-01
   1.4888492e-01
   1.6328751e-02
   3.2761490e-01
  -5.5297377e-01
   4.9352577e-01
   3.2474729e-01
   8.9637154e-01
  -1.1474016e+00
   3.5400678e-01
   4.7127414e-01
   1.0248793e+00
  -1.0198080e+00
   6.0523345e-02
   4.6739975e-01
  -1.4048866e-01
   1.2357925e+00
   6.8043328e-01
   2.1256406e-02
   7.0159480e-01
   1.3270198e+00
   6.6660306e-01
   6.9038902e-01
   1.3202983e+00
   9.4812263e-01
   7.3162712e-01
   1.9784135e+00
   1.1140938e+00
   2.8371126e+00
   1.3177568e+00
   1.7572289e+00
   1.3528383e+00
   9.7360227e-01
   1.3563615e+00
  -5.5507040e-01
   8.6999182e-01
   4.9425130e-01
   3.6929364e-01
   4.0142268e-01
   3.8885613e-01
   5.1612404e-02
   2.2005051e-01
   2.3556191e-01
  -2.1176945e-01
   1.3333205e-01
   4.3204421e-01
   7.1698972e-01
   3.2240331e-01
   7.0767278e-01
   5.4738339e-01
   5.8434539e-01
   5.8434539e-01
   5.8434539e-01
   5.8434539e-01
   5.8434539e-01
   5.8434539e-01
   5.8434539e-01
   5.8434539e-01
   5.8434539e-01
   5.8434539e-01
   5.8434539e-01
   5.8434539e-01
   5.8434539e-01
   5.8434539e-01
   5.8434539e-01
   5.8434539e-01
   5.8434539e-01
   5.8434539e-01
   5.8434539e-01
   5.8434539e-01
   5.8434539e-01
   5.8434539e-01
   5.8434539e-01
   5.8434539e-01
   5.8434539e-01
   5.8434539e-01
   5.8434539e-01
   5.8434539e-01
   5.8434539e-01
   5.8434539e-01
   5.8434539e-01
   5.8434539e-01
   5.8434539e-01
   5.8434539e-01
   5.8434539e-01
   5.8434539e-01
   5.8434539e-01
   5.8434539e-01
   5.8434539e-01
   5.8434539e-01
   5.8434539e-01
   5.8434539e-01
   5.8434539e-01
   5.8434539e-01
   5.8434539e-01
   5.8434539e-01
   5.8434539e-01
   5.8434539e-01
   5.8434539e-01
   5.8434539e-01
   6.1433187e-01
  -3.4761192e-01
  -1.4011114e+00
   1.3528069e+00
  -8.7399771e-02
   5.5996624e-02
   7.2574816e-01
   1.6800928e-01
  -6.8099808e-01
   1.6635107e+00
   3.1589142e-01
   6.8469518e-02
   1.1168692e+00
   9.6438378e-01
   6.0501695e-01
   1.4568331e+00
   1.0357423e+00
   5.3679891e-01
   1.4137012e+00
   1.3486399e+00
   8.5804001e-01
   2.1973053e+00
   2.5316677e+00
   9.0996884e-01
   1.0945249e+00
   1.7284733e+00
  -3.0322483e-02
   3.4356676e-01
   6.2786193e-01
   4.0136048e-01
   3.9163268e-01
   4.3047010e-01
   1.0328719e-01
   8.0779359e-02
   4.7219219e-02
   8.3983393e-02
   1.5920981e-01
   3.5934674e-01
  -1.8987348e+00
  -6.8695917e-01
   1.5985861e+00
  -1.9875591e-01
   5.3395724e-01
   6.8859900e-02
   3.9538816e-01
   5.3819730e-01
   1.0620882e+00
