   1.5648710e-01
   1.5648710e-01
   1.5648710e-01
   1.5648710e-01
   1.5648710e-01
   1.5648710e-01
   1.5648710e-01
   1.5648710e-01
   1.5648710e-01
   1.5648710e-01
   1.5648710e-01
   1.5648710e-01
   1.5648710e-01
   1.5648710e-01
   1.5648710e-01
   1.5648710e-01
   1.5648710e-01
   1.5648710e-01
   1.5648710e-01
   1.5648710e-01
   1.5648710e-01
   1.5648710e-01
   1.5648710e-01
   1.5648710e-01
   1.5648710e-01
   1.5648710e-01
   1.5648710e-01
   1.5648710e-01
   1.5648710e-01
   1.5648710e-01
   1.5648710e-01
   1.5648710e-01
   1.5648710e-01
   1.5648710e-01
   1.5648710e-01
   1.5648710e-01
   1.5648710e-01
   1.5648710e-01
   1.5648710e-01
   1.5648710e-01
   1.5648710e-01
   1.5648710e-01
   1.5648710e-01
   1.5648710e-01
   1.5648710e-01
   1.5648710e-01
   1.5648710e-01
   1.5648710e-01
   1.5648710e-01
   1.5648710e-01
   1.5648710e-01
   1.5648710e-01
   1.5648710e-01
   1.5648710e-01
   1.5648710e-01
   1.5648710e-01
   1.5648710e-01
   1.5648710e-01
   1.5648710e-01
   1.5648710e-01
   1.5648710e-01
   1.5648710e-01
   1.5648710e-01
   1.5648710e-01
   1.5648710e-01
   1.5648710e-01
   1.5648710e-01
   1.5648710e-01
   1.5648710e-01
   1.5648710e-01
   1.5648710e-01
   1.5648710e-01
   1.5648710e-01
   1.5648710e-01
   1.5648710e-01
   1.5648710e-01
   1.5648710e-01
   1.5648710e-01
   1.5648710e-01
   1.5648710e-01
   1.5648710e-01
   1.5648710e-01
   1.5648710e-01
   1.5648710e-01
   1.5648710e-01
   1.5648710e-01
   1.5648710e-01
   1.5648710e-01
   1.5648710e-01
   1.5648710e-01
   1.5648710e-01
   1.5648710e-01
   1.5648710e-01
   1.5648710e-01
   1.5648710e-01
   1.5648710e-01
   1.5648710e-01
   1.5648710e-01
   1.5648710e-01
   1.5648710e-01
   1.5648710e-01
   1.5648710e-01
   1.5648710e-01
   1.5648710e-01
   1.5648710e-01
   1.5648710e-01
   1.5648710e-01
   1.5648710e-01
   1.5648710e-01
   1.5648710e-01
   1.5648710e-01
   1.5648710e-01
   1.5648710e-01
   1.5648710e-01
   1.5648710e-01
   1.5648710e-01
   1.5648710e-01
   1.5648710e-01
   1.5648710e-01
   1.5648710e-01
   1.5648710e-01
   1.5648710e-01
   1.5648710e-01
   1.5648710e-01
   1.5648710e-01
   1.5648710e-01
   1.5648710e-01
   1.5648710e-01
   1.5648710e-01
   1.5648710e-01
   1.5648710e-01
   1.5648710e-01
   1.5648710e-01
   1.5648710e-01
   1.5648710e-01
   1.5648710e-01
   1.5648710e-01
   1.5648710e-01
   1.5648710e-01
   1.5648710e-01
   1.5648710e-01
   1.5648710e-01
   1.5648710e-01
   1.5648710e-01
   1.5648710e-01
   1.5648710e-01
   1.5648710e-01
   1.5648710e-01
   1.5648710e-01
   1.5648710e-01
   1.5648710e-01
   1.5648710e-01
   1.5648710e-01
   1.5648710e-01
   1.5648710e-01
   1.5648710e-01
   1.5648710e-01
   1.5648710e-01
   1.5648710e-01
   1.5648710e-01
   1.5648710e-01
   1.5648710e-01
   1.5648710e-01
   1.5648710e-01
   1.5648710e-01
   1.5648710e-01
   1.5648710e-01
   1.5648710e-01
   1.5648710e-01
   1.5648710e-01
   1.5648710e-01
   1.5648710e-01
   1.5648710e-01
   1.5648710e-01
   1.5648710e-01
   1.5648710e-01
   1.5648710e-01
   1.5648710e-01
   1.5648710e-01
   1.5648710e-01
   1.5648710e-01
   1.5648710e-01
   1.5648710e-01
   1.5648710e-01
   1.5648710e-01
   1.5648710e-01
   1.5648710e-01
   1.5648710e-01
   1.5648710e-01
   1.5648710e-01
   1.5648710e-01
   1.5648710e-01
   1.5648710e-01
   1.5648710e-01
   1.5648710e-01
   1.5648710e-01
  -3.0169634e+00
   6.7316907e-01
   1.7426274e-01
   1.7426274e-01
  -1.2501469e+00
   9.1144225e-01
  -6.6224900e-01
   9.6061351e-01
   1.5098078e-01
   1.5098078e-01
   1.5198274e-01
   1.5003806e-01
   1.5101223e-01
   1.5101223e-01
   1.5101223e-01
   1.5000295e-01
   1.5195501e-01
   1.5098078e-01
   1.5537101e-01
   1.4794840e-01
   1.5022144e-01
   1.4575983e-01
   1.5617296e-01
   1.5098078e-01
  -2.8790312e+01
  -1.5489493e+00
   1.5575843e-01
   1.5648710e-01
   1.5648710e-01
   1.5648710e-01
   1.5648710e-01
   1.5648710e-01
   1.5648710e-01
   1.5648710e-01
   1.5648710e-01
   1.5648710e-01
   1.5648710e-01
   1.5648710e-01
   1.5648710e-01
   1.5648710e-01
   1.5648710e-01
   1.5648710e-01
   1.5648710e-01
  -1.7783292e+00
   1.7468834e-01
   4.2529032e-01
  -1.2431919e+00
   9.1338671e-01
   1.7614220e-01
  -6.6224900e-01
   9.6061351e-01
   1.5098078e-01
   1.5098078e-01
   1.5198274e-01
   1.5003806e-01
   1.5101223e-01
   1.5101223e-01
   1.5101223e-01
   1.5101223e-01
   1.5000295e-01
   1.5195501e-01
   1.5098078e-01
   1.5098078e-01
   1.5635739e-01
   1.4600394e-01
   1.4575983e-01
   1.5617296e-01
   1.5098078e-01
  -2.8891405e+01
  -1.5503731e+00
   1.5648710e-01
   1.5648710e-01
   1.5648710e-01
   1.5648710e-01
   1.5648710e-01
   1.5648710e-01
   1.5648710e-01
   1.5648710e-01
   1.5648710e-01
   1.5648710e-01
   1.5648710e-01
   1.5648710e-01
   1.5648710e-01
   1.5648710e-01
   1.5648710e-01
   1.5648710e-01
   1.5648710e-01
   1.5648710e-01
   1.5648710e-01
   1.5648710e-01
   1.5648710e-01
   1.5648710e-01
   1.5648710e-01
   1.5648710e-01
   1.5648710e-01
   1.5648710e-01
   1.5648710e-01
   1.5648710e-01
   1.5648710e-01
   1.5648710e-01
   1.5648710e-01
   1.5648710e-01
   1.5648710e-01
   1.5648710e-01
   1.5648710e-01
   1.5648710e-01
   1.5648710e-01
   1.5648710e-01
   1.5648710e-01
   1.5648710e-01
   1.5648710e-01
   1.5648710e-01
   1.5648710e-01
   1.5648710e-01
   1.5648710e-01
   1.5648710e-01
   1.5648710e-01
   1.5648710e-01
   1.5648710e-01
   1.5648710e-01
   1.5648710e-01
   1.5648710e-01
   1.5648710e-01
   1.5648710e-01
   1.5648710e-01
   1.5648710e-01
   1.5648710e-01
   1.5648710e-01
   1.5648710e-01
   1.5648710e-01
   1.5648710e-01
   1.5648710e-01
  -3.0169634e+00
   6.7316907e-01
   1.7426274e-01
  -1.2501469e+00
   9.1144225e-01
   1.7711628e-01
  -6.6224900e-01
   9.6061351e-01
   1.5098078e-01
   1.5098078e-01
   1.5198274e-01
   1.5003806e-01
   1.5101223e-01
   1.5101223e-01
   1.5101223e-01
   1.5101223e-01
   1.5000295e-01
   1.5195501e-01
   1.5098078e-01
   1.5635739e-01
   1.4600394e-01
   1.4917005e-01
   1.4968554e-01
   1.5422449e-01
  -2.8790312e+01
  -1.5489493e+00
   1.5575843e-01
   1.5648710e-01
   1.5648710e-01
   1.5648710e-01
   1.5648710e-01
   1.5648710e-01
   1.5648710e-01
   1.5648710e-01
   1.5648710e-01
   1.5648710e-01
   1.5648710e-01
   1.5648710e-01
   1.5648710e-01
   1.5648710e-01
   1.5578201e-01
   1.5791085e-01
   1.5575843e-01
   1.5648710e-01
  -3.0169634e+00
   6.7316907e-01
   1.7426274e-01
  -1.2501469e+00
   9.1144225e-01
   1.7711628e-01
  -6.6224900e-01
   9.6061351e-01
   1.5098078e-01
   1.5198274e-01
   1.5003806e-01
   1.5101223e-01
   1.5101223e-01
   1.5101223e-01
   1.5101223e-01
   1.5101223e-01
   1.5000295e-01
   1.5195501e-01
   1.5635739e-01
   1.4600394e-01
   1.5119553e-01
   1.5119553e-01
   1.4575983e-01
   1.5617296e-01
  -2.8790312e+01
  -1.5489493e+00
   1.5575843e-01
   1.5648710e-01
   1.5648710e-01
   1.5648710e-01
   1.5648710e-01
   1.5648710e-01
   1.5648710e-01
   1.5648710e-01
   1.5648710e-01
   1.5648710e-01
   1.5648710e-01
   1.5648710e-01
   1.5648710e-01
   1.5648710e-01
   1.5648710e-01
   1.5648710e-01
   1.5648710e-01
   1.5648710e-01
   1.5648710e-01
   1.5648710e-01
   1.5648710e-01
   1.5648710e-01
   1.5648710e-01
   1.5648710e-01
   1.5648710e-01
   1.5648710e-01
   1.5648710e-01
   1.5648710e-01
   1.5648710e-01
   1.5648710e-01
   1.5648710e-01
   1.5648710e-01
   1.5648710e-01
   1.5648710e-01
   1.5648710e-01
   1.5648710e-01
   1.5648710e-01
   1.5648710e-01
   1.5648710e-01
   1.5648710e-01
   1.5648710e-01
   1.5648710e-01
   1.5648710e-01
   1.5648710e-01
   1.5648710e-01
   1.5648710e-01
   1.5648710e-01
   1.5648710e-01
   1.5648710e-01
   1.5648710e-01
   1.5648710e-01
   1.5648710e-01
   1.5648710e-01
   1.5648710e-01
   1.5648710e-01
   1.5648710e-01
  -3.0169634e+00
   6.7316907e-01
  -1.2431919e+00
   9.1338671e-01
   1.7614220e-01
  -6.6224900e-01
   9.6061351e-01
   1.5098078e-01
   1.5098078e-01
   1.5198274e-01
   1.5003806e-01
   1.5101223e-01
   1.5101223e-01
   1.5101223e-01
   1.5101223e-01
   1.5000295e-01
   1.5195501e-01
   1.5098078e-01
   1.5098078e-01
   1.5635739e-01
   1.4600394e-01
   1.4917005e-01
   1.4968554e-01
   1.5422449e-01
  -2.8891405e+01
  -1.5503731e+00
   1.5648710e-01
   1.5648710e-01
   1.5648710e-01
   1.5648710e-01
   1.5648710e-01
   1.5648710e-01
   1.5648710e-01
   1.5648710e-01
   1.5648710e-01
   1.5648710e-01
   1.5648710e-01
   1.5648710e-01
   1.5648710e-01
   1.5648710e-01
   1.5648710e-01
   1.5648710e-01
   1.5648710e-01
  -3.0169634e+00
   6.7316907e-01
   1.7426274e-01
  -1.2501469e+00
   9.1144225e-01
   1.7711628e-01
  -6.6224900e-01
   9.6061351e-01
   1.5098078e-01
   1.5098078e-01
   1.5198274e-01
   1.5003806e-01
   1.5101223e-01
   1.5101223e-01
   1.5101223e-01
   1.5000295e-01
   1.5195501e-01
   1.5098078e-01
   1.5635739e-01
   1.4600394e-01
   1.5119553e-01
   1.5119553e-01
   1.4575983e-01
   1.5617296e-01
  -2.8790312e+01
  -1.5489493e+00
   1.5575843e-01
   1.5648710e-01
   1.5648710e-01
   1.5648710e-01
   1.5648710e-01
   1.5648710e-01
   1.5648710e-01
   1.5648710e-01
   1.5648710e-01
   1.5648710e-01
   1.5648710e-01
   1.5648710e-01
   1.5648710e-01
   1.5648710e-01
   1.5648710e-01
   1.5648710e-01
   1.5648710e-01
   1.5648710e-01
   1.5648710e-01
   1.5648710e-01
   1.5648710e-01
   1.5648710e-01
   1.5648710e-01
   1.5648710e-01
   1.5648710e-01
   1.5648710e-01
   1.5648710e-01
   1.5648710e-01
   1.5648710e-01
   1.5648710e-01
   1.5648710e-01
   1.5648710e-01
   1.5648710e-01
   1.5648710e-01
   1.5648710e-01
   1.5648710e-01
   1.5648710e-01
   1.5648710e-01
   1.5648710e-01
   1.5648710e-01
   1.5648710e-01
   1.5648710e-01
   1.5648710e-01
   1.5648710e-01
   1.5648710e-01
   1.5648710e-01
   1.5648710e-01
   1.5648710e-01
   1.5648710e-01
   1.5648710e-01
   1.5648710e-01
   1.5648710e-01
   1.5648710e-01
   1.5648710e-01
   1.5578201e-01
   1.5791085e-01
   1.5575843e-01
   1.5648710e-01
  -3.0169634e+00
   6.7316907e-01
  -2.2470266e-01
  -9.6543992e-02
   4.8979847e-01
   1.7711628e-01
  -6.6224900e-01
   9.6061351e-01
   1.5098078e-01
   1.5198274e-01
   1.5003806e-01
   1.5101223e-01
   1.5101223e-01
   1.5101223e-01
   1.5101223e-01
   1.5000295e-01
   1.5195501e-01
   1.5098078e-01
   1.5635739e-01
   1.4600394e-01
   1.5119553e-01
   1.4917005e-01
   1.4968554e-01
   1.5422449e-01
  -2.8891405e+01
  -1.5503731e+00
   1.5648710e-01
   1.5648710e-01
   1.5648710e-01
   1.5648710e-01
   1.5648710e-01
   1.5648710e-01
   1.5648710e-01
   1.5648710e-01
   1.5648710e-01
   1.5648710e-01
   1.5648710e-01
   1.5648710e-01
   1.5648710e-01
   1.5648710e-01
   1.5648710e-01
   1.5648710e-01
   1.5648710e-01
   1.5648710e-01
  -3.0169634e+00
   6.7316907e-01
   1.7426274e-01
  -1.2501469e+00
   9.1144225e-01
   1.7711628e-01
   1.7711628e-01
  -6.6224900e-01
   9.6061351e-01
   1.5098078e-01
   1.5198274e-01
   1.5003806e-01
   1.5101223e-01
   1.5101223e-01
   1.5101223e-01
   1.5000295e-01
   1.5195501e-01
   1.5098078e-01
   1.5098078e-01
   1.5635739e-01
   1.4600394e-01
   1.5119553e-01
   1.4575983e-01
   1.5617296e-01
   1.5098078e-01
  -1.1535959e+01
   9.8749303e-01
  -1.1124460e+00
   1.5648710e-01
   1.5648710e-01
   1.5648710e-01
   1.5648710e-01
   1.5648710e-01
   1.5648710e-01
   1.5648710e-01
   1.5648710e-01
   1.5648710e-01
   1.5648710e-01
   1.5648710e-01
   1.5648710e-01
   1.5648710e-01
   1.5648710e-01
   1.5648710e-01
   1.5648710e-01
   1.5648710e-01
   1.5648710e-01
   1.5648710e-01
   1.5648710e-01
   1.5648710e-01
   1.5648710e-01
   1.5648710e-01
   1.5648710e-01
   1.5648710e-01
   1.5648710e-01
   1.5648710e-01
   1.5648710e-01
   1.5648710e-01
   1.5648710e-01
   1.5648710e-01
   1.5648710e-01
   1.5648710e-01
   1.5648710e-01
   1.5648710e-01
   1.5648710e-01
   1.5648710e-01
   1.5648710e-01
   1.5648710e-01
   1.5648710e-01
   1.5648710e-01
   1.5648710e-01
   1.5648710e-01
   1.5648710e-01
   1.5648710e-01
   1.5648710e-01
   1.5648710e-01
   1.5648710e-01
   1.5648710e-01
   1.5648710e-01
   1.5578201e-01
   1.5791085e-01
   1.5575843e-01
  -3.0275538e+00
   6.7492407e-01
   1.7337429e-01
   1.7426274e-01
  -5.1462957e-01
   6.8154687e-02
   5.9876006e-01
  -6.6224900e-01
   9.6061351e-01
   1.5098078e-01
   1.5198274e-01
   1.5003806e-01
   1.5101223e-01
   1.5101223e-01
   1.5101223e-01
   1.5101223e-01
   1.5000295e-01
   1.5195501e-01
   1.5098078e-01
   1.5098078e-01
   1.5635739e-01
   1.4600394e-01
   1.4575983e-01
   1.5617296e-01
   1.5098078e-01
  -2.8891405e+01
  -1.5503731e+00
   1.5648710e-01
   1.5648710e-01
   1.5648710e-01
   1.5648710e-01
   1.5648710e-01
   1.5648710e-01
   1.5648710e-01
   1.5648710e-01
   1.5648710e-01
   1.5648710e-01
   1.5648710e-01
   1.5648710e-01
   1.5648710e-01
   1.5648710e-01
   1.5578201e-01
   1.5791085e-01
   1.5575843e-01
  -3.0275538e+00
   6.7492407e-01
   1.7337429e-01
  -1.2501469e+00
   9.1144225e-01
   1.7711628e-01
   1.7711628e-01
  -6.6224900e-01
   9.6061351e-01
   1.5098078e-01
   1.5198274e-01
   1.5003806e-01
   1.5101223e-01
   1.5101223e-01
   1.5101223e-01
   1.5101223e-01
   1.5000295e-01
   1.5195501e-01
   1.5098078e-01
   1.5098078e-01
   1.5635739e-01
   1.4600394e-01
   1.4575983e-01
   1.5617296e-01
   1.5098078e-01
  -2.8790312e+01
  -1.5489493e+00
   1.5575843e-01
   1.5648710e-01
   1.5648710e-01
   1.5648710e-01
   1.5648710e-01
   1.5648710e-01
   1.5648710e-01
   1.5648710e-01
   1.5648710e-01
   1.5648710e-01
   1.5648710e-01
   1.5648710e-01
   1.5648710e-01
   1.5648710e-01
   1.5648710e-01
   1.5648710e-01
   1.5648710e-01
   1.5648710e-01
   1.5648710e-01
   1.5648710e-01
   1.5648710e-01
   1.5648710e-01
   1.5648710e-01
   1.5648710e-01
   1.5648710e-01
   1.5648710e-01
   1.5648710e-01
   1.5648710e-01
   1.5648710e-01
   1.5648710e-01
   1.5648710e-01
   1.5648710e-01
   1.5648710e-01
   1.5648710e-01
   1.5648710e-01
   1.5648710e-01
   1.5648710e-01
   1.5648710e-01
   1.5648710e-01
   1.5648710e-01
   1.5648710e-01
   1.5648710e-01
   1.5648710e-01
   1.5648710e-01
   1.5648710e-01
   1.5648710e-01
   1.5648710e-01
   1.5648710e-01
   1.5648710e-01
   1.5648710e-01
   1.5648710e-01
  -3.0169634e+00
   6.7316907e-01
   1.7426274e-01
   1.7426274e-01
  -1.2501469e+00
   9.1144225e-01
  -6.6224900e-01
   9.6061351e-01
   1.5098078e-01
   1.5098078e-01
   1.5198274e-01
   1.5003806e-01
   1.5101223e-01
   1.5101223e-01
   1.5101223e-01
   1.5101223e-01
   1.5000295e-01
   1.5195501e-01
   1.5098078e-01
   1.5098078e-01
   1.5635739e-01
   1.4600394e-01
   1.4575983e-01
   1.5617296e-01
   1.5098078e-01
  -2.8891405e+01
  -1.5503731e+00
   1.5648710e-01
   1.5648710e-01
   1.5648710e-01
   1.5648710e-01
   1.5648710e-01
   1.5648710e-01
   1.5648710e-01
   1.5648710e-01
   1.5648710e-01
   1.5648710e-01
   1.5648710e-01
   1.5648710e-01
   1.5648710e-01
   1.5648710e-01
   1.5578201e-01
   1.5791085e-01
   1.5575843e-01
  -3.0275538e+00
   6.7492407e-01
   1.7337429e-01
   1.7426274e-01
  -1.2501469e+00
   9.1144225e-01
  -6.5656642e-01
   9.5670219e-01
   1.5292925e-01
   1.5098078e-01
   1.5198274e-01
   1.5003806e-01
   1.5101223e-01
   1.5101223e-01
   1.5101223e-01
   1.5101223e-01
   1.5000295e-01
   1.5195501e-01
   1.5098078e-01
   1.5635739e-01
   1.4600394e-01
   1.5119553e-01
   1.4575983e-01
   1.5617296e-01
   1.5098078e-01
   1.6746074e+00
  -1.2801274e+01
  -2.8144003e-01
   1.5648710e-01
   1.5648710e-01
   1.5648710e-01
   1.5648710e-01
   1.5648710e-01
   1.5648710e-01
   1.5648710e-01
   1.5648710e-01
   1.5648710e-01
   1.5648710e-01
   1.5648710e-01
   1.5648710e-01
   1.5648710e-01
   1.5648710e-01
   1.5648710e-01
   1.5648710e-01
   1.5648710e-01
   1.5648710e-01
   1.5648710e-01
   1.5648710e-01
   1.5648710e-01
   1.5648710e-01
   1.5648710e-01
   1.5648710e-01
   1.5648710e-01
   1.5648710e-01
   1.5648710e-01
   1.5648710e-01
   1.5648710e-01
   1.5648710e-01
   1.5648710e-01
   1.5648710e-01
   1.5648710e-01
   1.5648710e-01
   1.5648710e-01
   1.5648710e-01
   1.5648710e-01
   1.5648710e-01
   1.5648710e-01
   1.5648710e-01
   1.5648710e-01
   1.5648710e-01
   1.5648710e-01
   1.5648710e-01
   1.5648710e-01
   1.5648710e-01
   1.5648710e-01
   1.5648710e-01
   1.5648710e-01
   1.5648710e-01
   1.5648710e-01
   1.5648710e-01
   1.5648710e-01
   1.5648710e-01
   1.5648710e-01
   1.5648710e-01
   1.5648710e-01
   1.5648710e-01
   1.5648710e-01
  -3.0169634e+00
   6.7316907e-01
   1.7426274e-01
  -1.2501469e+00
   9.1144225e-01
   1.7711628e-01
  -6.6224900e-01
   9.6061351e-01
   1.5098078e-01
   1.5198274e-01
   1.5003806e-01
   1.5101223e-01
   1.5101223e-01
   1.5101223e-01
   1.5101223e-01
   1.5101223e-01
   1.5000295e-01
   1.5195501e-01
   1.5635739e-01
   1.4600394e-01
   1.5119553e-01
   1.4575983e-01
   1.5617296e-01
   1.5098078e-01
  -2.8790312e+01
  -1.5489493e+00
   1.5575843e-01
   1.5648710e-01
   1.5648710e-01
   1.5648710e-01
   1.5648710e-01
   1.5648710e-01
   1.5648710e-01
   1.5648710e-01
   1.5648710e-01
   1.5648710e-01
   1.5648710e-01
   1.5648710e-01
   1.5648710e-01
   1.5648710e-01
   1.5578201e-01
   1.5791085e-01
   1.5575843e-01
  -3.0275538e+00
   6.7492407e-01
   1.7337429e-01
   1.7426274e-01
  -1.2501469e+00
   9.1144225e-01
   1.7711628e-01
  -6.6224900e-01
   9.6061351e-01
   1.5098078e-01
   1.5198274e-01
   1.5003806e-01
   1.5101223e-01
   1.5101223e-01
   1.5101223e-01
   1.5101223e-01
   1.5000295e-01
   1.5195501e-01
   1.5098078e-01
   1.5635739e-01
   1.4600394e-01
   1.5119553e-01
   1.4575983e-01
   1.5617296e-01
   1.5098078e-01
  -2.8790312e+01
  -1.5489493e+00
   1.5575843e-01
   1.5648710e-01
   1.5648710e-01
   1.5648710e-01
   1.5648710e-01
   1.5648710e-01
   1.5648710e-01
   1.5648710e-01
   1.5648710e-01
   1.5648710e-01
   1.5648710e-01
   1.5648710e-01
   1.5648710e-01
   1.5648710e-01
   1.5648710e-01
   1.5648710e-01
   1.5648710e-01
   1.5648710e-01
   1.5648710e-01
   1.5648710e-01
   1.5648710e-01
   1.5648710e-01
   1.5648710e-01
   1.5648710e-01
   1.5648710e-01
   1.5648710e-01
   1.5648710e-01
   1.5648710e-01
   1.5648710e-01
   1.5648710e-01
   1.5648710e-01
   1.5648710e-01
   1.5648710e-01
   1.5648710e-01
   1.5648710e-01
   1.5648710e-01
   1.5648710e-01
   1.5648710e-01
   1.5648710e-01
   1.5648710e-01
   1.5648710e-01
   1.5648710e-01
   1.5648710e-01
   1.5648710e-01
   1.5648710e-01
   1.5648710e-01
   1.5648710e-01
   1.5648710e-01
   1.5648710e-01
   1.5648710e-01
   1.5648710e-01
   1.5648710e-01
  -3.0275538e+00
   6.7492407e-01
   1.7337429e-01
  -1.2431919e+00
   9.1338671e-01
   1.7614220e-01
  -6.6224900e-01
   9.6061351e-01
   1.5098078e-01
   1.5098078e-01
   1.5198274e-01
   1.5003806e-01
   1.5101223e-01
   1.5101223e-01
   1.5101223e-01
   1.5101223e-01
   1.5000295e-01
   1.5195501e-01
   1.5098078e-01
   1.5635739e-01
   1.4600394e-01
   1.5119553e-01
   1.4575983e-01
   1.5617296e-01
   1.5098078e-01
  -2.8891405e+01
  -1.5503731e+00
   1.5648710e-01
   1.5648710e-01
   1.5648710e-01
   1.5648710e-01
   1.5648710e-01
   1.5648710e-01
   1.5648710e-01
   1.5648710e-01
   1.5648710e-01
   1.5648710e-01
   1.5648710e-01
   1.5648710e-01
   1.5648710e-01
   1.5648710e-01
   1.5578201e-01
   1.5791085e-01
   1.5575843e-01
  -3.0275538e+00
   6.7492407e-01
   1.7337429e-01
   1.7426274e-01
  -1.2501469e+00
   9.1144225e-01
  -6.6224900e-01
   9.6061351e-01
   1.5098078e-01
   1.5098078e-01
   1.5198274e-01
   1.5003806e-01
   1.5101223e-01
   1.5101223e-01
   1.5101223e-01
   1.5101223e-01
   1.5000295e-01
   1.5195501e-01
   1.5098078e-01
   1.5635739e-01
   1.4600394e-01
   1.5119553e-01
   1.5119553e-01
   1.4575983e-01
   1.5617296e-01
  -1.1484347e+01
   9.5792178e-01
  -1.1131746e+00
   1.5648710e-01
   1.5648710e-01
   1.5648710e-01
   1.5648710e-01
   1.5648710e-01
   1.5648710e-01
   1.5648710e-01
   1.5648710e-01
   1.5648710e-01
   1.5648710e-01
   1.5648710e-01
   1.5648710e-01
   1.5648710e-01
   1.5648710e-01
   1.5648710e-01
   1.5648710e-01
   1.5648710e-01
   1.5648710e-01
   1.5648710e-01
   1.5648710e-01
   1.5648710e-01
   1.5648710e-01
   1.5648710e-01
   1.5648710e-01
   1.5648710e-01
   1.5648710e-01
   1.5648710e-01
   1.5648710e-01
   1.5648710e-01
   1.5648710e-01
   1.5648710e-01
   1.5648710e-01
   1.5648710e-01
   1.5648710e-01
   1.5648710e-01
   1.5648710e-01
   1.5648710e-01
   1.5648710e-01
   1.5648710e-01
   1.5648710e-01
   1.5648710e-01
   1.5648710e-01
   1.5648710e-01
   1.5648710e-01
   1.5648710e-01
   1.5648710e-01
   1.5648710e-01
   1.5648710e-01
   1.5648710e-01
   1.5648710e-01
   1.5578201e-01
   1.5791085e-01
   1.5575843e-01
  -3.0275538e+00
   6.7492407e-01
   1.7337429e-01
  -1.2431919e+00
   9.1338671e-01
   1.7614220e-01
   1.7513701e-01
  -6.5475500e-01
   9.5866503e-01
   1.5098078e-01
   1.5198274e-01
   1.5003806e-01
   1.5101223e-01
   1.5101223e-01
   1.5101223e-01
   1.5101223e-01
   1.5000295e-01
   1.5195501e-01
   1.5098078e-01
   1.5297691e-01
   1.5249077e-01
   1.4795211e-01
   1.4575983e-01
   1.5617296e-01
   1.5098078e-01
  -2.8891405e+01
  -1.5503731e+00
   1.5648710e-01
   1.5648710e-01
   1.5648710e-01
   1.5648710e-01
   1.5648710e-01
   1.5648710e-01
   1.5648710e-01
   1.5648710e-01
   1.5648710e-01
   1.5648710e-01
   1.5648710e-01
   1.5648710e-01
   1.5648710e-01
   1.5648710e-01
   1.5578201e-01
   1.5791085e-01
   1.5575843e-01
  -3.0275538e+00
   6.7492407e-01
   1.7337429e-01
  -2.2470266e-01
  -9.6543992e-02
   4.8979847e-01
   1.7711628e-01
  -6.6224900e-01
   9.6061351e-01
   1.5098078e-01
   1.5198274e-01
   1.5003806e-01
   1.5101223e-01
   1.5101223e-01
   1.5101223e-01
   1.5101223e-01
   1.5000295e-01
   1.5195501e-01
   1.5098078e-01
   1.5635739e-01
   1.4600394e-01
   1.5119553e-01
   1.4575983e-01
   1.5617296e-01
   1.5098078e-01
  -2.8891405e+01
  -1.5503731e+00
   1.5648710e-01
   1.5648710e-01
   1.5648710e-01
   1.5648710e-01
   1.5648710e-01
   1.5648710e-01
   1.5648710e-01
   1.5648710e-01
   1.5648710e-01
   1.5648710e-01
   1.5648710e-01
   1.5648710e-01
   1.5648710e-01
   1.5648710e-01
   1.5648710e-01
   1.5648710e-01
   1.5648710e-01
   1.5648710e-01
   1.5648710e-01
   1.5648710e-01
   1.5648710e-01
   1.5648710e-01
   1.5648710e-01
   1.5648710e-01
   1.5648710e-01
   1.5648710e-01
   1.5648710e-01
   1.5648710e-01
   1.5648710e-01
   1.5648710e-01
   1.5648710e-01
   1.5648710e-01
   1.5648710e-01
   1.5648710e-01
   1.5648710e-01
   1.5648710e-01
   1.5648710e-01
   1.5648710e-01
   1.5648710e-01
   1.5648710e-01
   1.5648710e-01
   1.5648710e-01
   1.5648710e-01
   1.5648710e-01
   1.5648710e-01
   1.5648710e-01
   1.5648710e-01
   1.5648710e-01
   1.5648710e-01
   1.5648710e-01
   1.5648710e-01
   1.5648710e-01
   1.5648710e-01
   1.5648710e-01
   1.5648710e-01
   1.5648710e-01
   1.5648710e-01
   1.5648710e-01
   1.5648710e-01
   1.5648710e-01
   1.5648710e-01
   1.5648710e-01
   1.5648710e-01
   1.5648710e-01
   1.5648710e-01
   1.5648710e-01
   1.5648710e-01
   1.5648710e-01
   1.5648710e-01
   1.5648710e-01
   1.5648710e-01
   1.5648710e-01
   1.5648710e-01
   1.5648710e-01
   1.5648710e-01
   1.5648710e-01
   1.5648710e-01
  -3.0275538e+00
   6.7492407e-01
   1.7337429e-01
  -2.2470266e-01
  -9.6543992e-02
   4.8979847e-01
  -6.6224900e-01
   9.6061351e-01
   1.5098078e-01
   1.5098078e-01
   1.5198274e-01
   1.5003806e-01
   1.5101223e-01
   1.5101223e-01
   1.5101223e-01
   1.5101223e-01
   1.5000295e-01
   1.5195501e-01
   1.5098078e-01
   1.5635739e-01
   1.4600394e-01
   1.5119553e-01
   1.4575983e-01
   1.5617296e-01
   1.5098078e-01
  -2.8891405e+01
  -1.5503731e+00
   1.5648710e-01
   1.5648710e-01
   1.5648710e-01
   1.5648710e-01
   1.5648710e-01
   1.5648710e-01
   1.5648710e-01
   1.5648710e-01
   1.5648710e-01
   1.5648710e-01
   1.5648710e-01
   1.5648710e-01
   1.5648710e-01
   1.5648710e-01
   1.5648710e-01
   1.5648710e-01
   1.5648710e-01
   1.5648710e-01
  -6.3909344e-02
  -1.5133533e+00
   4.2125304e-01
  -1.2501469e+00
   9.1144225e-01
   1.7711628e-01
  -6.6224900e-01
   9.6061351e-01
   1.5098078e-01
   1.5098078e-01
   1.5198274e-01
   1.5003806e-01
   1.5101223e-01
   1.5101223e-01
   1.5101223e-01
   1.5000295e-01
   1.5195501e-01
   1.5098078e-01
   1.5537101e-01
   1.4794840e-01
   1.5022144e-01
   1.4575983e-01
   1.5617296e-01
   1.5098078e-01
   1.5098078e-01
  -2.8891405e+01
  -1.5503731e+00
   1.5648710e-01
   1.5648710e-01
   1.5648710e-01
   1.5648710e-01
   1.5648710e-01
   1.5648710e-01
   1.5648710e-01
   1.5648710e-01
   1.5648710e-01
   1.5648710e-01
   1.5648710e-01
   1.5648710e-01
   1.5648710e-01
   1.5648710e-01
   1.5648710e-01
   1.5648710e-01
   1.5648710e-01
   1.5648710e-01
   1.5648710e-01
   1.5648710e-01
   1.5648710e-01
   1.5648710e-01
   1.5648710e-01
   1.5648710e-01
   1.5648710e-01
   1.5648710e-01
   1.5648710e-01
   1.5648710e-01
   1.5648710e-01
   1.5648710e-01
   1.5648710e-01
   1.5648710e-01
   1.5648710e-01
   1.5648710e-01
   1.5648710e-01
   1.5648710e-01
   1.5648710e-01
   1.5648710e-01
   1.5648710e-01
   1.5648710e-01
   1.5648710e-01
   1.5648710e-01
   1.5648710e-01
   1.5648710e-01
   1.5648710e-01
   1.5648710e-01
   1.5648710e-01
   1.5648710e-01
   1.5648710e-01
   1.5648710e-01
   1.5648710e-01
   1.5648710e-01
   1.5648710e-01
   1.5648710e-01
   1.5648710e-01
   1.5648710e-01
   1.5648710e-01
   1.5648710e-01
   1.5648710e-01
   1.5648710e-01
   1.5648710e-01
   1.5648710e-01
   1.5648710e-01
   1.5648710e-01
   1.5648710e-01
   1.5648710e-01
   1.5648710e-01
   1.5648710e-01
   1.5648710e-01
   1.5648710e-01
   1.5648710e-01
   1.5648710e-01
   1.5648710e-01
   1.5648710e-01
   1.5648710e-01
   1.5648710e-01
   1.5648710e-01
   1.5648710e-01
   1.5648710e-01
   1.5648710e-01
   1.5648710e-01
   1.5648710e-01
   1.5648710e-01
   1.5648710e-01
   1.5648710e-01
   1.5648710e-01
   1.5648710e-01
   1.5648710e-01
   1.5648710e-01
   1.5648710e-01
   1.5648710e-01
   1.5648710e-01
   1.5648710e-01
   1.5648710e-01
   1.5648710e-01
   1.5648710e-01
   1.5578201e-01
   1.5791085e-01
   1.5575843e-01
   1.5648710e-01
  -3.0169634e+00
   6.7316907e-01
   1.7426274e-01
  -5.1462957e-01
   6.8154687e-02
   5.9876006e-01
  -6.6224900e-01
   9.6061351e-01
   1.5098078e-01
   1.5098078e-01
   1.5198274e-01
   1.5003806e-01
   1.5101223e-01
   1.5101223e-01
   1.5101223e-01
   1.5000295e-01
   1.5195501e-01
   1.5098078e-01
   1.5098078e-01
   1.5635739e-01
   1.4600394e-01
   1.4575983e-01
   1.5617296e-01
   1.5098078e-01
   1.5098078e-01
  -2.8891405e+01
  -1.5503731e+00
   1.5648710e-01
   1.5648710e-01
   1.5648710e-01
   1.5648710e-01
   1.5648710e-01
   1.5648710e-01
   1.5648710e-01
   1.5648710e-01
   1.5648710e-01
   1.5648710e-01
   1.5648710e-01
   1.5648710e-01
   1.5648710e-01
   1.5648710e-01
   1.5648710e-01
   1.5648710e-01
   1.5648710e-01
  -3.0169634e+00
   6.7316907e-01
   1.7426274e-01
  -1.2501469e+00
   9.1144225e-01
   1.7711628e-01
  -6.6224900e-01
   9.6061351e-01
   1.5098078e-01
   1.5198274e-01
   1.5003806e-01
   1.5101223e-01
   1.5101223e-01
   1.5101223e-01
   1.5101223e-01
   1.5000295e-01
   1.5195501e-01
   1.5098078e-01
   1.5537101e-01
   1.4794840e-01
   1.5022144e-01
   1.4917005e-01
   1.4968554e-01
   1.5422449e-01
   1.5098078e-01
  -2.8891405e+01
  -1.5503731e+00
   1.5648710e-01
   1.5648710e-01
   1.5648710e-01
   1.5648710e-01
   1.5648710e-01
   1.5648710e-01
   1.5648710e-01
   1.5648710e-01
   1.5648710e-01
   1.5648710e-01
   1.5648710e-01
   1.5648710e-01
   1.5648710e-01
   1.5648710e-01
   1.5648710e-01
   1.5648710e-01
   1.5648710e-01
   1.5648710e-01
   1.5648710e-01
   1.5648710e-01
   1.5648710e-01
   1.5648710e-01
   1.5648710e-01
   1.5648710e-01
   1.5648710e-01
   1.5648710e-01
   1.5648710e-01
   1.5648710e-01
   1.5648710e-01
   1.5648710e-01
   1.5648710e-01
   1.5648710e-01
   1.5648710e-01
   1.5648710e-01
   1.5648710e-01
   1.5648710e-01
   1.5648710e-01
   1.5648710e-01
   1.5648710e-01
   1.5648710e-01
   1.5648710e-01
   1.5648710e-01
   1.5648710e-01
   1.5648710e-01
   1.5648710e-01
   1.5648710e-01
   1.5648710e-01
   1.5648710e-01
   1.5648710e-01
   1.5648710e-01
   1.5648710e-01
   1.5648710e-01
   1.5648710e-01
   1.5648710e-01
   1.5648710e-01
   1.5648710e-01
   1.5648710e-01
   1.5648710e-01
   1.5648710e-01
   1.5648710e-01
   1.5648710e-01
   1.5648710e-01
   1.5648710e-01
   1.5648710e-01
   1.5648710e-01
  -3.0169634e+00
   6.7316907e-01
   1.7426274e-01
  -1.2431919e+00
   9.1338671e-01
   1.7614220e-01
  -6.6224900e-01
   9.6061351e-01
   1.5098078e-01
   1.5098078e-01
   1.5198274e-01
   1.5003806e-01
   1.5101223e-01
   1.5101223e-01
   1.5101223e-01
   1.5101223e-01
   1.5000295e-01
   1.5195501e-01
   1.5537101e-01
   1.4794840e-01
   1.5022144e-01
   1.5119553e-01
   1.4575983e-01
   1.5617296e-01
   1.5098078e-01
  -2.8891405e+01
  -1.5503731e+00
   1.5648710e-01
   1.5648710e-01
   1.5648710e-01
   1.5648710e-01
   1.5648710e-01
   1.5648710e-01
   1.5648710e-01
   1.5648710e-01
   1.5648710e-01
   1.5648710e-01
   1.5648710e-01
   1.5648710e-01
   1.5648710e-01
   1.5648710e-01
   1.5578201e-01
   1.5791085e-01
   1.5575843e-01
   1.5648710e-01
  -1.7690970e+00
   1.6933701e-01
   4.2617877e-01
  -1.2501469e+00
   9.1144225e-01
   1.7711628e-01
  -6.6224900e-01
   9.6061351e-01
   1.5098078e-01
   1.5198274e-01
   1.5003806e-01
   1.5101223e-01
   1.5101223e-01
   1.5101223e-01
   1.5101223e-01
   1.5000295e-01
   1.5195501e-01
   1.5098078e-01
   1.5198274e-01
   1.5442779e-01
   1.4697803e-01
   1.4917005e-01
   1.4968554e-01
   1.5422449e-01
  -1.1484347e+01
   9.5792178e-01
  -1.1131746e+00
   1.5648710e-01
   1.5648710e-01
   1.5648710e-01
   1.5648710e-01
   1.5648710e-01
   1.5648710e-01
   1.5648710e-01
   1.5648710e-01
   1.5648710e-01
   1.5648710e-01
   1.5648710e-01
   1.5648710e-01
   1.5648710e-01
   1.5648710e-01
   1.5648710e-01
   1.5648710e-01
   1.5648710e-01
   1.5648710e-01
   1.5648710e-01
   1.5648710e-01
   1.5648710e-01
   1.5648710e-01
   1.5648710e-01
   1.5648710e-01
   1.5648710e-01
   1.5648710e-01
   1.5648710e-01
   1.5648710e-01
   1.5648710e-01
   1.5648710e-01
   1.5648710e-01
   1.5648710e-01
   1.5648710e-01
   1.5648710e-01
   1.5648710e-01
   1.5648710e-01
   1.5648710e-01
   1.5648710e-01
   1.5648710e-01
   1.5648710e-01
   1.5648710e-01
   1.5648710e-01
   1.5648710e-01
   1.5648710e-01
   1.5648710e-01
   1.5648710e-01
   1.5648710e-01
   1.5648710e-01
   1.5648710e-01
   1.5648710e-01
   1.5648710e-01
   1.5648710e-01
   1.5648710e-01
   1.5648710e-01
   1.5648710e-01
   1.5648710e-01
   1.5648710e-01
   1.5648710e-01
   1.5648710e-01
   1.5648710e-01
   1.5648710e-01
   1.5648710e-01
   1.5648710e-01
   1.5648710e-01
   1.5648710e-01
   1.5648710e-01
   1.5648710e-01
   1.5648710e-01
   1.5648710e-01
   1.5648710e-01
   1.5648710e-01
   1.5648710e-01
   1.5648710e-01
   1.5648710e-01
   1.5648710e-01
   1.5648710e-01
   1.5648710e-01
   1.5648710e-01
  -3.0169634e+00
   6.7316907e-01
   1.7426274e-01
  -1.2501469e+00
   9.1144225e-01
   1.7711628e-01
  -6.6224900e-01
   9.6061351e-01
   1.5098078e-01
   1.5098078e-01
   1.5198274e-01
   1.5003806e-01
   1.5101223e-01
   1.5101223e-01
   1.5101223e-01
   1.5000295e-01
   1.5195501e-01
   1.5098078e-01
   1.5198274e-01
