   9.1723449e-05
   9.1723449e-05
   9.1723449e-05
   9.1723449e-05
   9.1723449e-05
   9.1723449e-05
   9.1723449e-05
   9.1723449e-05
   9.1723449e-05
   9.1723449e-05
   9.1723449e-05
   9.1723449e-05
   9.1723449e-05
   9.1723449e-05
   9.1723449e-05
   9.1723449e-05
   9.1723449e-05
   9.1723449e-05
   9.1723449e-05
   9.1723449e-05
   9.1723449e-05
   9.1723449e-05
   9.1723449e-05
   9.1723449e-05
   9.1723449e-05
   9.1723449e-05
   9.1723449e-05
   9.1723449e-05
   9.1723449e-05
   9.1723449e-05
   9.1723449e-05
   9.1723449e-05
   9.1723449e-05
   9.1723449e-05
   9.1723449e-05
   9.1723449e-05
   9.1723449e-05
   9.1723449e-05
   9.1723449e-05
   9.1723449e-05
   9.1723449e-05
   9.1723449e-05
   9.1723449e-05
   9.1723449e-05
   9.1723449e-05
   9.1723449e-05
   9.1723449e-05
   9.1723449e-05
   9.1723449e-05
   9.1723449e-05
   9.1723449e-05
   9.1723449e-05
   9.1723449e-05
   9.1723449e-05
   9.1723449e-05
   9.1723449e-05
   9.1723449e-05
   9.1723449e-05
   9.1723449e-05
   9.1723449e-05
   9.1723449e-05
   9.1723449e-05
   9.1723449e-05
   9.1723449e-05
   9.1723449e-05
   9.1723449e-05
   9.1723449e-05
   9.1723449e-05
   9.1723449e-05
   9.1723449e-05
   9.1723449e-05
   9.1723449e-05
   9.1723449e-05
   9.1723449e-05
   9.1723449e-05
   9.1723449e-05
   9.1723449e-05
   9.1723449e-05
   9.1723449e-05
   9.1723449e-05
   9.1723449e-05
   9.1723449e-05
   9.1723449e-05
   9.1723449e-05
   9.1723449e-05
   9.1723449e-05
   9.1723449e-05
   9.1723449e-05
   9.1723449e-05
   9.1723449e-05
   9.1723449e-05
   9.1723449e-05
   9.1723449e-05
   9.1723449e-05
   9.1723449e-05
   9.1723449e-05
   9.1723449e-05
   9.1723449e-05
   9.1723449e-05
   9.1723449e-05
   9.1723449e-05
   9.1723449e-05
   9.1723449e-05
   9.1723449e-05
   9.1723449e-05
   9.1723449e-05
   9.1723449e-05
   9.1723449e-05
   9.1723449e-05
   9.1723449e-05
   9.1723449e-05
   9.1723449e-05
   9.1723449e-05
   9.1723449e-05
   9.1723449e-05
   9.1723449e-05
   9.1723449e-05
   9.1723449e-05
   9.1723449e-05
   9.1723449e-05
   9.1723449e-05
   9.1723449e-05
   9.1723449e-05
   9.1723449e-05
   9.1723449e-05
   9.1723449e-05
   9.1723449e-05
   9.1723449e-05
   9.1723449e-05
   9.1723449e-05
   9.1723449e-05
   9.1723449e-05
   9.1723449e-05
   9.1723449e-05
   9.1723449e-05
   9.1723449e-05
   9.1723449e-05
   9.1723449e-05
   9.1723449e-05
   9.1723449e-05
   9.1723449e-05
   9.1723449e-05
   9.1723449e-05
   9.1723449e-05
   9.1723449e-05
   9.1723449e-05
   9.1723449e-05
   9.1723449e-05
   9.1723449e-05
   9.1723449e-05
   9.1723449e-05
   9.1723449e-05
   9.1723449e-05
   9.1723449e-05
   9.1723449e-05
   9.1723449e-05
   9.1723449e-05
   9.1723449e-05
   9.1723449e-05
   9.1723449e-05
   9.1723449e-05
   9.1723449e-05
   9.1723449e-05
   9.1723449e-05
   9.1723449e-05
   9.1723449e-05
   9.1723449e-05
   9.1723449e-05
   9.1723449e-05
   9.1723449e-05
   9.1723449e-05
   9.1723449e-05
   9.1723449e-05
   9.1723449e-05
   9.1723449e-05
   9.1723449e-05
   9.1723449e-05
   9.1723449e-05
   9.1723449e-05
   9.1723449e-05
   9.1723449e-05
   9.1723449e-05
   9.1723449e-05
   9.1723449e-05
   9.1723449e-05
   9.1723449e-05
   9.1723449e-05
   9.1723449e-05
   9.1723449e-05
   9.1723449e-05
   9.1723449e-05
   9.1723449e-05
   9.1723449e-05
   9.1723449e-05
   9.1723449e-05
   9.1723449e-05
  -1.7949353e-01
   1.8070836e-01
   1.7695160e-04
   1.7695160e-04
  -3.4102586e-01
   3.4180853e-01
  -6.5161811e-01
   6.5328572e-01
   1.8272320e-04
   1.8272320e-04
   1.8513099e-04
   1.8062989e-04
   1.8288044e-04
   1.8288044e-04
   1.8288044e-04
   1.8047265e-04
   1.8497375e-04
   1.8272320e-04
   2.8078250e-03
  -2.4389465e-03
   1.8094307e-04
  -2.4446424e-03
   2.8101098e-03
   1.8272320e-04
   6.8779992e-01
  -6.4436131e-01
   8.9472900e-05
   9.1723449e-05
   9.1723449e-05
   9.1723449e-05
   9.1723449e-05
   9.1723449e-05
   9.1723449e-05
   9.1723449e-05
   9.1723449e-05
   9.1723449e-05
   9.1723449e-05
   9.1723449e-05
   9.1723449e-05
   9.1723449e-05
   9.1723449e-05
   9.1723449e-05
   9.1723449e-05
  -4.6623486e-04
  -1.7823773e-01
   1.8008045e-01
  -3.4108298e-01
   3.4181303e-01
   2.0563935e-04
  -6.5161811e-01
   6.5328572e-01
   1.8272320e-04
   1.8272320e-04
   1.8513099e-04
   1.8062989e-04
   1.8288044e-04
   1.8288044e-04
   1.8288044e-04
   1.8288044e-04
   1.8047265e-04
   1.8497375e-04
   1.8272320e-04
   1.8272320e-04
   2.8098565e-03
  -2.4434476e-03
  -2.4446424e-03
   2.8101098e-03
   1.8272320e-04
   6.8626333e-01
  -6.4436581e-01
   9.1723449e-05
   9.1723449e-05
   9.1723449e-05
   9.1723449e-05
   9.1723449e-05
   9.1723449e-05
   9.1723449e-05
   9.1723449e-05
   9.1723449e-05
   9.1723449e-05
   9.1723449e-05
   9.1723449e-05
   9.1723449e-05
   9.1723449e-05
   9.1723449e-05
   9.1723449e-05
   9.1723449e-05
   9.1723449e-05
   9.1723449e-05
   9.1723449e-05
   9.1723449e-05
   9.1723449e-05
   9.1723449e-05
   9.1723449e-05
   9.1723449e-05
   9.1723449e-05
   9.1723449e-05
   9.1723449e-05
   9.1723449e-05
   9.1723449e-05
   9.1723449e-05
   9.1723449e-05
   9.1723449e-05
   9.1723449e-05
   9.1723449e-05
   9.1723449e-05
   9.1723449e-05
   9.1723449e-05
   9.1723449e-05
   9.1723449e-05
   9.1723449e-05
   9.1723449e-05
   9.1723449e-05
   9.1723449e-05
   9.1723449e-05
   9.1723449e-05
   9.1723449e-05
   9.1723449e-05
   9.1723449e-05
   9.1723449e-05
   9.1723449e-05
   9.1723449e-05
   9.1723449e-05
   9.1723449e-05
   9.1723449e-05
   9.1723449e-05
   9.1723449e-05
   9.1723449e-05
   9.1723449e-05
   9.1723449e-05
   9.1723449e-05
   9.1723449e-05
  -1.7949353e-01
   1.8070836e-01
   1.7695160e-04
  -3.4102586e-01
   3.4180853e-01
   2.0788990e-04
  -6.5161811e-01
   6.5328572e-01
   1.8272320e-04
   1.8272320e-04
   1.8513099e-04
   1.8062989e-04
   1.8288044e-04
   1.8288044e-04
   1.8288044e-04
   1.8288044e-04
   1.8047265e-04
   1.8497375e-04
   1.8272320e-04
   2.8098565e-03
  -2.4434476e-03
   1.7837934e-04
  -2.4356402e-03
   2.8056087e-03
   6.8779992e-01
  -6.4436131e-01
   8.9472900e-05
   9.1723449e-05
   9.1723449e-05
   9.1723449e-05
   9.1723449e-05
   9.1723449e-05
   9.1723449e-05
   9.1723449e-05
   9.1723449e-05
   9.1723449e-05
   9.1723449e-05
   9.1723449e-05
   9.1723449e-05
   9.1723449e-05
   8.9761907e-05
   9.6224548e-05
   8.9472900e-05
   9.1723449e-05
  -1.7949353e-01
   1.8070836e-01
   1.7695160e-04
  -3.4102586e-01
   3.4180853e-01
   2.0788990e-04
  -6.5161811e-01
   6.5328572e-01
   1.8272320e-04
   1.8513099e-04
   1.8062989e-04
   1.8288044e-04
   1.8288044e-04
   1.8288044e-04
   1.8288044e-04
   1.8288044e-04
   1.8047265e-04
   1.8497375e-04
   2.8098565e-03
  -2.4434476e-03
   1.8319362e-04
   1.8319362e-04
  -2.4446424e-03
   2.8101098e-03
   6.8779992e-01
  -6.4436131e-01
   8.9472900e-05
   9.1723449e-05
   9.1723449e-05
   9.1723449e-05
   9.1723449e-05
   9.1723449e-05
   9.1723449e-05
   9.1723449e-05
   9.1723449e-05
   9.1723449e-05
   9.1723449e-05
   9.1723449e-05
   9.1723449e-05
   9.1723449e-05
   9.1723449e-05
   9.1723449e-05
   9.1723449e-05
   9.1723449e-05
   9.1723449e-05
   9.1723449e-05
   9.1723449e-05
   9.1723449e-05
   9.1723449e-05
   9.1723449e-05
   9.1723449e-05
   9.1723449e-05
   9.1723449e-05
   9.1723449e-05
   9.1723449e-05
   9.1723449e-05
   9.1723449e-05
   9.1723449e-05
   9.1723449e-05
   9.1723449e-05
   9.1723449e-05
   9.1723449e-05
   9.1723449e-05
   9.1723449e-05
   9.1723449e-05
   9.1723449e-05
   9.1723449e-05
   9.1723449e-05
   9.1723449e-05
   9.1723449e-05
   9.1723449e-05
   9.1723449e-05
   9.1723449e-05
   9.1723449e-05
   9.1723449e-05
   9.1723449e-05
   9.1723449e-05
   9.1723449e-05
   9.1723449e-05
   9.1723449e-05
   9.1723449e-05
   9.1723449e-05
  -1.7949353e-01
   1.8070836e-01
  -3.4108298e-01
   3.4181303e-01
   2.0563935e-04
  -6.5161811e-01
   6.5328572e-01
   1.8272320e-04
   1.8272320e-04
   1.8513099e-04
   1.8062989e-04
   1.8288044e-04
   1.8288044e-04
   1.8288044e-04
   1.8288044e-04
   1.8047265e-04
   1.8497375e-04
   1.8272320e-04
   1.8272320e-04
   2.8098565e-03
  -2.4434476e-03
   1.7837934e-04
  -2.4356402e-03
   2.8056087e-03
   6.8626333e-01
  -6.4436581e-01
   9.1723449e-05
   9.1723449e-05
   9.1723449e-05
   9.1723449e-05
   9.1723449e-05
   9.1723449e-05
   9.1723449e-05
   9.1723449e-05
   9.1723449e-05
   9.1723449e-05
   9.1723449e-05
   9.1723449e-05
   9.1723449e-05
   9.1723449e-05
   9.1723449e-05
   9.1723449e-05
   9.1723449e-05
  -1.7949353e-01
   1.8070836e-01
   1.7695160e-04
  -3.4102586e-01
   3.4180853e-01
   2.0788990e-04
  -6.5161811e-01
   6.5328572e-01
   1.8272320e-04
   1.8272320e-04
   1.8513099e-04
   1.8062989e-04
   1.8288044e-04
   1.8288044e-04
   1.8288044e-04
   1.8047265e-04
   1.8497375e-04
   1.8272320e-04
   2.8098565e-03
  -2.4434476e-03
   1.8319362e-04
   1.8319362e-04
  -2.4446424e-03
   2.8101098e-03
   6.8779992e-01
  -6.4436131e-01
   8.9472900e-05
   9.1723449e-05
   9.1723449e-05
   9.1723449e-05
   9.1723449e-05
   9.1723449e-05
   9.1723449e-05
   9.1723449e-05
   9.1723449e-05
   9.1723449e-05
   9.1723449e-05
   9.1723449e-05
   9.1723449e-05
   9.1723449e-05
   9.1723449e-05
   9.1723449e-05
   9.1723449e-05
   9.1723449e-05
   9.1723449e-05
   9.1723449e-05
   9.1723449e-05
   9.1723449e-05
   9.1723449e-05
   9.1723449e-05
   9.1723449e-05
   9.1723449e-05
   9.1723449e-05
   9.1723449e-05
   9.1723449e-05
   9.1723449e-05
   9.1723449e-05
   9.1723449e-05
   9.1723449e-05
   9.1723449e-05
   9.1723449e-05
   9.1723449e-05
   9.1723449e-05
   9.1723449e-05
   9.1723449e-05
   9.1723449e-05
   9.1723449e-05
   9.1723449e-05
   9.1723449e-05
   9.1723449e-05
   9.1723449e-05
   9.1723449e-05
   9.1723449e-05
   9.1723449e-05
   9.1723449e-05
   9.1723449e-05
   9.1723449e-05
   9.1723449e-05
   9.1723449e-05
   9.1723449e-05
   8.9761907e-05
   9.6224548e-05
   8.9472900e-05
   9.1723449e-05
  -1.7949353e-01
   1.8070836e-01
  -2.8285692e-01
   3.4036367e-01
   9.3031628e-04
   2.0788990e-04
  -6.5161811e-01
   6.5328572e-01
   1.8272320e-04
   1.8513099e-04
   1.8062989e-04
   1.8288044e-04
   1.8288044e-04
   1.8288044e-04
   1.8288044e-04
   1.8047265e-04
   1.8497375e-04
   1.8272320e-04
   2.8098565e-03
  -2.4434476e-03
   1.8319362e-04
   1.7837934e-04
  -2.4356402e-03
   2.8056087e-03
   6.8626333e-01
  -6.4436581e-01
   9.1723449e-05
   9.1723449e-05
   9.1723449e-05
   9.1723449e-05
   9.1723449e-05
   9.1723449e-05
   9.1723449e-05
   9.1723449e-05
   9.1723449e-05
   9.1723449e-05
   9.1723449e-05
   9.1723449e-05
   9.1723449e-05
   9.1723449e-05
   9.1723449e-05
   9.1723449e-05
   9.1723449e-05
   9.1723449e-05
  -1.7949353e-01
   1.8070836e-01
   1.7695160e-04
  -3.4102586e-01
   3.4180853e-01
   2.0788990e-04
   2.0788990e-04
  -6.5161811e-01
   6.5328572e-01
   1.8272320e-04
   1.8513099e-04
   1.8062989e-04
   1.8288044e-04
   1.8288044e-04
   1.8288044e-04
   1.8047265e-04
   1.8497375e-04
   1.8272320e-04
   1.8272320e-04
   2.8098565e-03
  -2.4434476e-03
   1.8319362e-04
  -2.4446424e-03
   2.8101098e-03
   1.8272320e-04
   1.5447414e-03
   6.8355817e-01
  -6.4301323e-01
   9.1723449e-05
   9.1723449e-05
   9.1723449e-05
   9.1723449e-05
   9.1723449e-05
   9.1723449e-05
   9.1723449e-05
   9.1723449e-05
   9.1723449e-05
   9.1723449e-05
   9.1723449e-05
   9.1723449e-05
   9.1723449e-05
   9.1723449e-05
   9.1723449e-05
   9.1723449e-05
   9.1723449e-05
   9.1723449e-05
   9.1723449e-05
   9.1723449e-05
   9.1723449e-05
   9.1723449e-05
   9.1723449e-05
   9.1723449e-05
   9.1723449e-05
   9.1723449e-05
   9.1723449e-05
   9.1723449e-05
   9.1723449e-05
   9.1723449e-05
   9.1723449e-05
   9.1723449e-05
   9.1723449e-05
   9.1723449e-05
   9.1723449e-05
   9.1723449e-05
   9.1723449e-05
   9.1723449e-05
   9.1723449e-05
   9.1723449e-05
   9.1723449e-05
   9.1723449e-05
   9.1723449e-05
   9.1723449e-05
   9.1723449e-05
   9.1723449e-05
   9.1723449e-05
   9.1723449e-05
   9.1723449e-05
   9.1723449e-05
   8.9761907e-05
   9.6224548e-05
   8.9472900e-05
  -1.7968063e-01
   1.8071286e-01
   1.7470105e-04
   1.7695160e-04
  -5.1341605e-04
  -3.3958101e-01
   3.4108610e-01
  -6.5161811e-01
   6.5328572e-01
   1.8272320e-04
   1.8513099e-04
   1.8062989e-04
   1.8288044e-04
   1.8288044e-04
   1.8288044e-04
   1.8288044e-04
   1.8047265e-04
   1.8497375e-04
   1.8272320e-04
   1.8272320e-04
   2.8098565e-03
  -2.4434476e-03
  -2.4446424e-03
   2.8101098e-03
   1.8272320e-04
   6.8626333e-01
  -6.4436581e-01
   9.1723449e-05
   9.1723449e-05
   9.1723449e-05
   9.1723449e-05
   9.1723449e-05
   9.1723449e-05
   9.1723449e-05
   9.1723449e-05
   9.1723449e-05
   9.1723449e-05
   9.1723449e-05
   9.1723449e-05
   9.1723449e-05
   9.1723449e-05
   8.9761907e-05
   9.6224548e-05
   8.9472900e-05
  -1.7968063e-01
   1.8071286e-01
   1.7470105e-04
  -3.4102586e-01
   3.4180853e-01
   2.0788990e-04
   2.0788990e-04
  -6.5161811e-01
   6.5328572e-01
   1.8272320e-04
   1.8513099e-04
   1.8062989e-04
   1.8288044e-04
   1.8288044e-04
   1.8288044e-04
   1.8288044e-04
   1.8047265e-04
   1.8497375e-04
   1.8272320e-04
   1.8272320e-04
   2.8098565e-03
  -2.4434476e-03
  -2.4446424e-03
   2.8101098e-03
   1.8272320e-04
   6.8779992e-01
  -6.4436131e-01
   8.9472900e-05
   9.1723449e-05
   9.1723449e-05
   9.1723449e-05
   9.1723449e-05
   9.1723449e-05
   9.1723449e-05
   9.1723449e-05
   9.1723449e-05
   9.1723449e-05
   9.1723449e-05
   9.1723449e-05
   9.1723449e-05
   9.1723449e-05
   9.1723449e-05
   9.1723449e-05
   9.1723449e-05
   9.1723449e-05
   9.1723449e-05
   9.1723449e-05
   9.1723449e-05
   9.1723449e-05
   9.1723449e-05
   9.1723449e-05
   9.1723449e-05
   9.1723449e-05
   9.1723449e-05
   9.1723449e-05
   9.1723449e-05
   9.1723449e-05
   9.1723449e-05
   9.1723449e-05
   9.1723449e-05
   9.1723449e-05
   9.1723449e-05
   9.1723449e-05
   9.1723449e-05
   9.1723449e-05
   9.1723449e-05
   9.1723449e-05
   9.1723449e-05
   9.1723449e-05
   9.1723449e-05
   9.1723449e-05
   9.1723449e-05
   9.1723449e-05
   9.1723449e-05
   9.1723449e-05
   9.1723449e-05
   9.1723449e-05
   9.1723449e-05
  -1.7949353e-01
   1.8070836e-01
   1.7695160e-04
   1.7695160e-04
  -3.4102586e-01
   3.4180853e-01
  -6.5161811e-01
   6.5328572e-01
   1.8272320e-04
   1.8272320e-04
   1.8513099e-04
   1.8062989e-04
   1.8288044e-04
   1.8288044e-04
   1.8288044e-04
   1.8288044e-04
   1.8047265e-04
   1.8497375e-04
   1.8272320e-04
   1.8272320e-04
   2.8098565e-03
  -2.4434476e-03
  -2.4446424e-03
   2.8101098e-03
   1.8272320e-04
   6.8626333e-01
  -6.4436581e-01
   9.1723449e-05
   9.1723449e-05
   9.1723449e-05
   9.1723449e-05
   9.1723449e-05
   9.1723449e-05
   9.1723449e-05
   9.1723449e-05
   9.1723449e-05
   9.1723449e-05
   9.1723449e-05
   9.1723449e-05
   9.1723449e-05
   9.1723449e-05
   8.9761907e-05
   9.6224548e-05
   8.9472900e-05
  -1.7968063e-01
   1.8071286e-01
   1.7470105e-04
   1.7695160e-04
  -3.4102586e-01
   3.4180853e-01
  -6.5138385e-01
   6.5327672e-01
   1.8722430e-04
   1.8272320e-04
   1.8513099e-04
   1.8062989e-04
   1.8288044e-04
   1.8288044e-04
   1.8288044e-04
   1.8288044e-04
   1.8047265e-04
   1.8497375e-04
   1.8272320e-04
   2.8098565e-03
  -2.4434476e-03
   1.8319362e-04
  -2.4446424e-03
   2.8101098e-03
   1.8272320e-04
   1.2138192e+00
  -6.4166065e-01
  -1.2608568e-03
   9.1723449e-05
   9.1723449e-05
   9.1723449e-05
   9.1723449e-05
   9.1723449e-05
   9.1723449e-05
   9.1723449e-05
   9.1723449e-05
   9.1723449e-05
   9.1723449e-05
   9.1723449e-05
   9.1723449e-05
   9.1723449e-05
   9.1723449e-05
   9.1723449e-05
   9.1723449e-05
   9.1723449e-05
   9.1723449e-05
   9.1723449e-05
   9.1723449e-05
   9.1723449e-05
   9.1723449e-05
   9.1723449e-05
   9.1723449e-05
   9.1723449e-05
   9.1723449e-05
   9.1723449e-05
   9.1723449e-05
   9.1723449e-05
   9.1723449e-05
   9.1723449e-05
   9.1723449e-05
   9.1723449e-05
   9.1723449e-05
   9.1723449e-05
   9.1723449e-05
   9.1723449e-05
   9.1723449e-05
   9.1723449e-05
   9.1723449e-05
   9.1723449e-05
   9.1723449e-05
   9.1723449e-05
   9.1723449e-05
   9.1723449e-05
   9.1723449e-05
   9.1723449e-05
   9.1723449e-05
   9.1723449e-05
   9.1723449e-05
   9.1723449e-05
   9.1723449e-05
   9.1723449e-05
   9.1723449e-05
   9.1723449e-05
   9.1723449e-05
   9.1723449e-05
   9.1723449e-05
   9.1723449e-05
  -1.7949353e-01
   1.8070836e-01
   1.7695160e-04
  -3.4102586e-01
   3.4180853e-01
   2.0788990e-04
  -6.5161811e-01
   6.5328572e-01
   1.8272320e-04
   1.8513099e-04
   1.8062989e-04
   1.8288044e-04
   1.8288044e-04
   1.8288044e-04
   1.8288044e-04
   1.8288044e-04
   1.8047265e-04
   1.8497375e-04
   2.8098565e-03
  -2.4434476e-03
   1.8319362e-04
  -2.4446424e-03
   2.8101098e-03
   1.8272320e-04
   6.8779992e-01
  -6.4436131e-01
   8.9472900e-05
   9.1723449e-05
   9.1723449e-05
   9.1723449e-05
   9.1723449e-05
   9.1723449e-05
   9.1723449e-05
   9.1723449e-05
   9.1723449e-05
   9.1723449e-05
   9.1723449e-05
   9.1723449e-05
   9.1723449e-05
   9.1723449e-05
   8.9761907e-05
   9.6224548e-05
   8.9472900e-05
  -1.7968063e-01
   1.8071286e-01
   1.7470105e-04
   1.7695160e-04
  -3.4102586e-01
   3.4180853e-01
   2.0788990e-04
  -6.5161811e-01
   6.5328572e-01
   1.8272320e-04
   1.8513099e-04
   1.8062989e-04
   1.8288044e-04
   1.8288044e-04
   1.8288044e-04
   1.8288044e-04
   1.8047265e-04
   1.8497375e-04
   1.8272320e-04
   2.8098565e-03
  -2.4434476e-03
   1.8319362e-04
  -2.4446424e-03
   2.8101098e-03
   1.8272320e-04
   6.8779992e-01
  -6.4436131e-01
   8.9472900e-05
   9.1723449e-05
   9.1723449e-05
   9.1723449e-05
   9.1723449e-05
   9.1723449e-05
   9.1723449e-05
   9.1723449e-05
   9.1723449e-05
   9.1723449e-05
   9.1723449e-05
   9.1723449e-05
   9.1723449e-05
   9.1723449e-05
   9.1723449e-05
   9.1723449e-05
   9.1723449e-05
   9.1723449e-05
   9.1723449e-05
   9.1723449e-05
   9.1723449e-05
   9.1723449e-05
   9.1723449e-05
   9.1723449e-05
   9.1723449e-05
   9.1723449e-05
   9.1723449e-05
   9.1723449e-05
   9.1723449e-05
   9.1723449e-05
   9.1723449e-05
   9.1723449e-05
   9.1723449e-05
   9.1723449e-05
   9.1723449e-05
   9.1723449e-05
   9.1723449e-05
   9.1723449e-05
   9.1723449e-05
   9.1723449e-05
   9.1723449e-05
   9.1723449e-05
   9.1723449e-05
   9.1723449e-05
   9.1723449e-05
   9.1723449e-05
   9.1723449e-05
   9.1723449e-05
   9.1723449e-05
   9.1723449e-05
   9.1723449e-05
   9.1723449e-05
  -1.7968063e-01
   1.8071286e-01
   1.7470105e-04
  -3.4108298e-01
   3.4181303e-01
   2.0563935e-04
  -6.5161811e-01
   6.5328572e-01
   1.8272320e-04
   1.8272320e-04
   1.8513099e-04
   1.8062989e-04
   1.8288044e-04
   1.8288044e-04
   1.8288044e-04
   1.8288044e-04
   1.8047265e-04
   1.8497375e-04
   1.8272320e-04
   2.8098565e-03
  -2.4434476e-03
   1.8319362e-04
  -2.4446424e-03
   2.8101098e-03
   1.8272320e-04
   6.8626333e-01
  -6.4436581e-01
   9.1723449e-05
   9.1723449e-05
   9.1723449e-05
   9.1723449e-05
   9.1723449e-05
   9.1723449e-05
   9.1723449e-05
   9.1723449e-05
   9.1723449e-05
   9.1723449e-05
   9.1723449e-05
   9.1723449e-05
   9.1723449e-05
   9.1723449e-05
   8.9761907e-05
   9.6224548e-05
   8.9472900e-05
  -1.7968063e-01
   1.8071286e-01
   1.7470105e-04
   1.7695160e-04
  -3.4102586e-01
   3.4180853e-01
  -6.5161811e-01
   6.5328572e-01
   1.8272320e-04
   1.8272320e-04
   1.8513099e-04
   1.8062989e-04
   1.8288044e-04
   1.8288044e-04
   1.8288044e-04
   1.8288044e-04
   1.8047265e-04
   1.8497375e-04
   1.8272320e-04
   2.8098565e-03
  -2.4434476e-03
   1.8319362e-04
   1.8319362e-04
  -2.4446424e-03
   2.8101098e-03
   1.5426189e-03
   6.8356267e-01
  -6.4301548e-01
   9.1723449e-05
   9.1723449e-05
   9.1723449e-05
   9.1723449e-05
   9.1723449e-05
   9.1723449e-05
   9.1723449e-05
   9.1723449e-05
   9.1723449e-05
   9.1723449e-05
   9.1723449e-05
   9.1723449e-05
   9.1723449e-05
   9.1723449e-05
   9.1723449e-05
   9.1723449e-05
   9.1723449e-05
   9.1723449e-05
   9.1723449e-05
   9.1723449e-05
   9.1723449e-05
   9.1723449e-05
   9.1723449e-05
   9.1723449e-05
   9.1723449e-05
   9.1723449e-05
   9.1723449e-05
   9.1723449e-05
   9.1723449e-05
   9.1723449e-05
   9.1723449e-05
   9.1723449e-05
   9.1723449e-05
   9.1723449e-05
   9.1723449e-05
   9.1723449e-05
   9.1723449e-05
   9.1723449e-05
   9.1723449e-05
   9.1723449e-05
   9.1723449e-05
   9.1723449e-05
   9.1723449e-05
   9.1723449e-05
   9.1723449e-05
   9.1723449e-05
   9.1723449e-05
   9.1723449e-05
   9.1723449e-05
   9.1723449e-05
   8.9761907e-05
   9.6224548e-05
   8.9472900e-05
  -1.7968063e-01
   1.8071286e-01
   1.7470105e-04
  -3.4108298e-01
   3.4181303e-01
   2.0563935e-04
   2.0330664e-04
  -6.5160911e-01
   6.5328122e-01
   1.8272320e-04
   1.8513099e-04
   1.8062989e-04
   1.8288044e-04
   1.8288044e-04
   1.8288044e-04
   1.8288044e-04
   1.8047265e-04
   1.8497375e-04
   1.8272320e-04
   1.8753834e-04
   2.8008543e-03
  -2.4389465e-03
  -2.4446424e-03
   2.8101098e-03
   1.8272320e-04
   6.8626333e-01
  -6.4436581e-01
   9.1723449e-05
   9.1723449e-05
   9.1723449e-05
   9.1723449e-05
   9.1723449e-05
   9.1723449e-05
   9.1723449e-05
   9.1723449e-05
   9.1723449e-05
   9.1723449e-05
   9.1723449e-05
   9.1723449e-05
   9.1723449e-05
   9.1723449e-05
   8.9761907e-05
   9.6224548e-05
   8.9472900e-05
  -1.7968063e-01
   1.8071286e-01
   1.7470105e-04
  -2.8285692e-01
   3.4036367e-01
   9.3031628e-04
   2.0788990e-04
  -6.5161811e-01
   6.5328572e-01
   1.8272320e-04
   1.8513099e-04
   1.8062989e-04
   1.8288044e-04
   1.8288044e-04
   1.8288044e-04
   1.8288044e-04
   1.8047265e-04
   1.8497375e-04
   1.8272320e-04
   2.8098565e-03
  -2.4434476e-03
   1.8319362e-04
  -2.4446424e-03
   2.8101098e-03
   1.8272320e-04
   6.8626333e-01
  -6.4436581e-01
   9.1723449e-05
   9.1723449e-05
   9.1723449e-05
   9.1723449e-05
   9.1723449e-05
   9.1723449e-05
   9.1723449e-05
   9.1723449e-05
   9.1723449e-05
   9.1723449e-05
   9.1723449e-05
   9.1723449e-05
   9.1723449e-05
   9.1723449e-05
   9.1723449e-05
   9.1723449e-05
   9.1723449e-05
   9.1723449e-05
   9.1723449e-05
   9.1723449e-05
   9.1723449e-05
   9.1723449e-05
   9.1723449e-05
   9.1723449e-05
   9.1723449e-05
   9.1723449e-05
   9.1723449e-05
   9.1723449e-05
   9.1723449e-05
   9.1723449e-05
   9.1723449e-05
   9.1723449e-05
   9.1723449e-05
   9.1723449e-05
   9.1723449e-05
   9.1723449e-05
   9.1723449e-05
   9.1723449e-05
   9.1723449e-05
   9.1723449e-05
   9.1723449e-05
   9.1723449e-05
   9.1723449e-05
   9.1723449e-05
   9.1723449e-05
   9.1723449e-05
   9.1723449e-05
   9.1723449e-05
   9.1723449e-05
   9.1723449e-05
   9.1723449e-05
   9.1723449e-05
   9.1723449e-05
   9.1723449e-05
   9.1723449e-05
   9.1723449e-05
   9.1723449e-05
   9.1723449e-05
   9.1723449e-05
   9.1723449e-05
   9.1723449e-05
   9.1723449e-05
   9.1723449e-05
   9.1723449e-05
   9.1723449e-05
   9.1723449e-05
   9.1723449e-05
   9.1723449e-05
   9.1723449e-05
   9.1723449e-05
   9.1723449e-05
   9.1723449e-05
   9.1723449e-05
   9.1723449e-05
   9.1723449e-05
   9.1723449e-05
   9.1723449e-05
  -1.7968063e-01
   1.8071286e-01
   1.7470105e-04
  -2.8285692e-01
   3.4036367e-01
   9.3031628e-04
  -6.5161811e-01
   6.5328572e-01
   1.8272320e-04
   1.8272320e-04
   1.8513099e-04
   1.8062989e-04
   1.8288044e-04
   1.8288044e-04
   1.8288044e-04
   1.8288044e-04
   1.8047265e-04
   1.8497375e-04
   1.8272320e-04
   2.8098565e-03
  -2.4434476e-03
   1.8319362e-04
  -2.4446424e-03
   2.8101098e-03
   1.8272320e-04
   6.8626333e-01
  -6.4436581e-01
   9.1723449e-05
   9.1723449e-05
   9.1723449e-05
   9.1723449e-05
   9.1723449e-05
   9.1723449e-05
   9.1723449e-05
   9.1723449e-05
   9.1723449e-05
   9.1723449e-05
   9.1723449e-05
   9.1723449e-05
   9.1723449e-05
   9.1723449e-05
   9.1723449e-05
   9.1723449e-05
   9.1723449e-05
   9.1723449e-05
  -1.1295733e-01
   1.7945705e-01
   8.0260435e-04
  -3.4102586e-01
   3.4180853e-01
   2.0788990e-04
  -6.5161811e-01
   6.5328572e-01
   1.8272320e-04
   1.8272320e-04
   1.8513099e-04
   1.8062989e-04
   1.8288044e-04
   1.8288044e-04
   1.8288044e-04
   1.8047265e-04
   1.8497375e-04
   1.8272320e-04
   2.8078250e-03
  -2.4389465e-03
   1.8094307e-04
  -2.4446424e-03
   2.8101098e-03
   1.8272320e-04
   1.8272320e-04
   6.8626333e-01
  -6.4436581e-01
   9.1723449e-05
   9.1723449e-05
   9.1723449e-05
   9.1723449e-05
   9.1723449e-05
   9.1723449e-05
   9.1723449e-05
   9.1723449e-05
   9.1723449e-05
   9.1723449e-05
   9.1723449e-05
   9.1723449e-05
   9.1723449e-05
   9.1723449e-05
   9.1723449e-05
   9.1723449e-05
   9.1723449e-05
   9.1723449e-05
   9.1723449e-05
   9.1723449e-05
   9.1723449e-05
   9.1723449e-05
   9.1723449e-05
   9.1723449e-05
   9.1723449e-05
   9.1723449e-05
   9.1723449e-05
   9.1723449e-05
   9.1723449e-05
   9.1723449e-05
   9.1723449e-05
   9.1723449e-05
   9.1723449e-05
   9.1723449e-05
   9.1723449e-05
   9.1723449e-05
   9.1723449e-05
   9.1723449e-05
   9.1723449e-05
   9.1723449e-05
   9.1723449e-05
   9.1723449e-05
   9.1723449e-05
   9.1723449e-05
   9.1723449e-05
   9.1723449e-05
   9.1723449e-05
   9.1723449e-05
   9.1723449e-05
   9.1723449e-05
   9.1723449e-05
   9.1723449e-05
   9.1723449e-05
   9.1723449e-05
   9.1723449e-05
   9.1723449e-05
   9.1723449e-05
   9.1723449e-05
   9.1723449e-05
   9.1723449e-05
   9.1723449e-05
   9.1723449e-05
   9.1723449e-05
   9.1723449e-05
   9.1723449e-05
   9.1723449e-05
   9.1723449e-05
   9.1723449e-05
   9.1723449e-05
   9.1723449e-05
   9.1723449e-05
   9.1723449e-05
   9.1723449e-05
   9.1723449e-05
   9.1723449e-05
   9.1723449e-05
   9.1723449e-05
   9.1723449e-05
   9.1723449e-05
   9.1723449e-05
   9.1723449e-05
   9.1723449e-05
   9.1723449e-05
   9.1723449e-05
   9.1723449e-05
   9.1723449e-05
   9.1723449e-05
   9.1723449e-05
   9.1723449e-05
   9.1723449e-05
   9.1723449e-05
   9.1723449e-05
   9.1723449e-05
   9.1723449e-05
   9.1723449e-05
   9.1723449e-05
   8.9761907e-05
   9.6224548e-05
   8.9472900e-05
   9.1723449e-05
  -1.7949353e-01
   1.8070836e-01
   1.7695160e-04
  -5.1341605e-04
  -3.3958101e-01
   3.4108610e-01
  -6.5161811e-01
   6.5328572e-01
   1.8272320e-04
   1.8272320e-04
   1.8513099e-04
   1.8062989e-04
   1.8288044e-04
   1.8288044e-04
   1.8288044e-04
   1.8047265e-04
   1.8497375e-04
   1.8272320e-04
   1.8272320e-04
   2.8098565e-03
  -2.4434476e-03
  -2.4446424e-03
   2.8101098e-03
   1.8272320e-04
   1.8272320e-04
   6.8626333e-01
  -6.4436581e-01
   9.1723449e-05
   9.1723449e-05
   9.1723449e-05
   9.1723449e-05
   9.1723449e-05
   9.1723449e-05
   9.1723449e-05
   9.1723449e-05
   9.1723449e-05
   9.1723449e-05
   9.1723449e-05
   9.1723449e-05
   9.1723449e-05
   9.1723449e-05
   9.1723449e-05
   9.1723449e-05
   9.1723449e-05
  -1.7949353e-01
   1.8070836e-01
   1.7695160e-04
  -3.4102586e-01
   3.4180853e-01
   2.0788990e-04
  -6.5161811e-01
   6.5328572e-01
   1.8272320e-04
   1.8513099e-04
   1.8062989e-04
   1.8288044e-04
   1.8288044e-04
   1.8288044e-04
   1.8288044e-04
   1.8047265e-04
   1.8497375e-04
   1.8272320e-04
   2.8078250e-03
  -2.4389465e-03
   1.8094307e-04
   1.7837934e-04
  -2.4356402e-03
   2.8056087e-03
   1.8272320e-04
   6.8626333e-01
  -6.4436581e-01
   9.1723449e-05
   9.1723449e-05
   9.1723449e-05
   9.1723449e-05
   9.1723449e-05
   9.1723449e-05
   9.1723449e-05
   9.1723449e-05
   9.1723449e-05
   9.1723449e-05
   9.1723449e-05
   9.1723449e-05
   9.1723449e-05
   9.1723449e-05
   9.1723449e-05
   9.1723449e-05
   9.1723449e-05
   9.1723449e-05
   9.1723449e-05
   9.1723449e-05
   9.1723449e-05
   9.1723449e-05
   9.1723449e-05
   9.1723449e-05
   9.1723449e-05
   9.1723449e-05
   9.1723449e-05
   9.1723449e-05
   9.1723449e-05
   9.1723449e-05
   9.1723449e-05
   9.1723449e-05
   9.1723449e-05
   9.1723449e-05
   9.1723449e-05
   9.1723449e-05
   9.1723449e-05
   9.1723449e-05
   9.1723449e-05
   9.1723449e-05
   9.1723449e-05
   9.1723449e-05
   9.1723449e-05
   9.1723449e-05
   9.1723449e-05
   9.1723449e-05
   9.1723449e-05
   9.1723449e-05
   9.1723449e-05
   9.1723449e-05
   9.1723449e-05
   9.1723449e-05
   9.1723449e-05
   9.1723449e-05
   9.1723449e-05
   9.1723449e-05
   9.1723449e-05
   9.1723449e-05
   9.1723449e-05
   9.1723449e-05
   9.1723449e-05
   9.1723449e-05
   9.1723449e-05
   9.1723449e-05
   9.1723449e-05
  -1.7949353e-01
   1.8070836e-01
   1.7695160e-04
  -3.4108298e-01
   3.4181303e-01
   2.0563935e-04
  -6.5161811e-01
   6.5328572e-01
   1.8272320e-04
   1.8272320e-04
   1.8513099e-04
   1.8062989e-04
   1.8288044e-04
   1.8288044e-04
   1.8288044e-04
   1.8288044e-04
   1.8047265e-04
   1.8497375e-04
   2.8078250e-03
  -2.4389465e-03
   1.8094307e-04
   1.8319362e-04
  -2.4446424e-03
   2.8101098e-03
   1.8272320e-04
   6.8626333e-01
  -6.4436581e-01
   9.1723449e-05
   9.1723449e-05
   9.1723449e-05
   9.1723449e-05
   9.1723449e-05
   9.1723449e-05
   9.1723449e-05
   9.1723449e-05
   9.1723449e-05
   9.1723449e-05
   9.1723449e-05
   9.1723449e-05
   9.1723449e-05
   9.1723449e-05
   8.9761907e-05
   9.6224548e-05
   8.9472900e-05
   9.1723449e-05
  -4.6418910e-04
  -1.7824223e-01
   1.8008270e-01
  -3.4102586e-01
   3.4180853e-01
   2.0788990e-04
  -6.5161811e-01
   6.5328572e-01
   1.8272320e-04
   1.8513099e-04
   1.8062989e-04
   1.8288044e-04
   1.8288044e-04
   1.8288044e-04
   1.8288044e-04
   1.8047265e-04
   1.8497375e-04
   1.8272320e-04
   1.8513099e-04
   2.8053554e-03
  -2.4411970e-03
   1.7837934e-04
  -2.4356402e-03
   2.8056087e-03
   1.5426189e-03
   6.8356267e-01
  -6.4301548e-01
   9.1723449e-05
   9.1723449e-05
   9.1723449e-05
   9.1723449e-05
   9.1723449e-05
   9.1723449e-05
   9.1723449e-05
   9.1723449e-05
   9.1723449e-05
   9.1723449e-05
   9.1723449e-05
   9.1723449e-05
   9.1723449e-05
   9.1723449e-05
   9.1723449e-05
   9.1723449e-05
   9.1723449e-05
   9.1723449e-05
   9.1723449e-05
   9.1723449e-05
   9.1723449e-05
   9.1723449e-05
   9.1723449e-05
   9.1723449e-05
   9.1723449e-05
   9.1723449e-05
   9.1723449e-05
   9.1723449e-05
   9.1723449e-05
   9.1723449e-05
   9.1723449e-05
   9.1723449e-05
   9.1723449e-05
   9.1723449e-05
   9.1723449e-05
   9.1723449e-05
   9.1723449e-05
   9.1723449e-05
   9.1723449e-05
   9.1723449e-05
   9.1723449e-05
   9.1723449e-05
   9.1723449e-05
   9.1723449e-05
   9.1723449e-05
   9.1723449e-05
   9.1723449e-05
   9.1723449e-05
   9.1723449e-05
   9.1723449e-05
   9.1723449e-05
   9.1723449e-05
   9.1723449e-05
   9.1723449e-05
   9.1723449e-05
   9.1723449e-05
   9.1723449e-05
   9.1723449e-05
   9.1723449e-05
   9.1723449e-05
   9.1723449e-05
   9.1723449e-05
   9.1723449e-05
   9.1723449e-05
   9.1723449e-05
   9.1723449e-05
   9.1723449e-05
   9.1723449e-05
   9.1723449e-05
   9.1723449e-05
   9.1723449e-05
   9.1723449e-05
   9.1723449e-05
   9.1723449e-05
   9.1723449e-05
   9.1723449e-05
   9.1723449e-05
   9.1723449e-05
  -1.7949353e-01
   1.8070836e-01
   1.7695160e-04
  -3.4102586e-01
   3.4180853e-01
   2.0788990e-04
  -6.5161811e-01
   6.5328572e-01
   1.8272320e-04
   1.8272320e-04
   1.8513099e-04
   1.8062989e-04
   1.8288044e-04
   1.8288044e-04
   1.8288044e-04
   1.8047265e-04
   1.8497375e-04
   1.8272320e-04
   1.8513099e-04
