  -1.5701400e+00
  -1.5701400e+00
  -1.5701400e+00
  -1.5701400e+00
  -1.5701400e+00
  -1.5701400e+00
  -1.5701400e+00
  -1.5701400e+00
  -1.5701400e+00
  -1.5701400e+00
  -1.2229141e+00
  -1.2229141e+00
  -1.2229141e+00
  -1.2229141e+00
  -1.2229141e+00
  -1.2229141e+00
  -1.2229141e+00
  -1.2229141e+00
  -1.2229141e+00
  -1.2229141e+00
  -1.2229141e+00
  -1.2229141e+00
  -1.2229141e+00
   2.1719571e+00
  -1.2229141e+00
  -1.2229141e+00
  -1.2229141e+00
  -1.2229141e+00
  -1.2229141e+00
  -1.2229141e+00
   1.8590328e+00
   1.8590328e+00
   1.8590328e+00
   1.8590328e+00
   1.8590328e+00
   1.8590328e+00
   1.8590328e+00
   1.8590328e+00
   1.8590328e+00
   1.8590328e+00
   1.8590328e+00
   1.8590328e+00
   1.8590328e+00
   1.8590328e+00
   1.8590328e+00
   1.8590328e+00
   1.8590328e+00
  -1.2229141e+00
   2.6115501e+00
  -1.6365204e+00
  -1.6365204e+00
  -1.6365204e+00
  -1.6365204e+00
  -1.6365204e+00
  -1.6365204e+00
  -1.6365204e+00
  -1.6365204e+00
  -1.6365204e+00
  -1.6365204e+00
  -1.6365204e+00
  -1.6365204e+00
  -1.6365204e+00
  -1.6365204e+00
  -1.6365204e+00
  -1.6365204e+00
  -1.6365204e+00
  -1.6365204e+00
  -1.6365204e+00
  -1.6365204e+00
  -1.6365204e+00
  -1.6365204e+00
  -1.6365204e+00
  -1.6365204e+00
  -1.6365204e+00
  -1.6365204e+00
  -1.6365204e+00
  -1.6365204e+00
  -1.6365204e+00
  -1.6365204e+00
  -1.6365204e+00
  -1.6365204e+00
  -1.6365204e+00
  -1.6365204e+00
  -1.6365204e+00
  -1.6365204e+00
  -1.6365204e+00
  -1.6365204e+00
  -1.6365204e+00
  -1.6365204e+00
  -1.6365204e+00
  -1.2229141e+00
  -1.2229141e+00
  -1.7087612e+00
   1.9047710e+00
  -1.2229141e+00
  -1.2229141e+00
  -1.2229141e+00
  -1.2229141e+00
  -1.2229141e+00
  -1.4523222e+00
  -1.2229141e+00
  -1.2229141e+00
   3.4188291e+00
  -1.2229141e+00
  -1.2229141e+00
  -1.2229141e+00
  -1.2229141e+00
  -1.2229141e+00
  -1.2229141e+00
   1.8590328e+00
   1.8590328e+00
   1.8590328e+00
   1.8590328e+00
   1.8590328e+00
   1.8590328e+00
   1.8590328e+00
   1.8590328e+00
   1.8590328e+00
   1.8590328e+00
   1.8590328e+00
   1.8590328e+00
   1.8590328e+00
   1.8590328e+00
   1.8590328e+00
   1.8590328e+00
   1.8590328e+00
  -1.2229141e+00
  -1.2229141e+00
  -1.2628086e+00
  -1.2229141e+00
  -1.2229141e+00
  -1.2229141e+00
  -1.2229141e+00
  -1.2229141e+00
  -1.2229141e+00
  -1.5701400e+00
  -1.2229141e+00
  -1.2229141e+00
  -1.7087612e+00
  -1.2229141e+00
  -1.2229141e+00
  -1.2229141e+00
  -1.2229141e+00
  -1.2229141e+00
  -1.2229141e+00
   2.1126870e+00
   1.8590328e+00
   1.8590328e+00
   1.8590328e+00
   1.8590328e+00
   1.8590328e+00
   1.8590328e+00
   1.8590328e+00
   1.8590328e+00
   1.8590328e+00
   1.8590328e+00
   1.8590328e+00
   1.8590328e+00
   1.8590328e+00
   1.8590328e+00
   1.8590328e+00
   1.8590328e+00
   2.7027195e+00
   2.2346489e+00
  -1.5701400e+00
  -1.6026432e+00
  -1.6026432e+00
  -1.6026432e+00
  -1.6026432e+00
  -1.6026432e+00
  -1.6026432e+00
  -1.6026432e+00
  -1.6026432e+00
  -1.6026432e+00
  -1.6026432e+00
  -1.6026432e+00
  -1.6026432e+00
  -1.6026432e+00
  -1.6026432e+00
  -1.6026432e+00
  -1.6026432e+00
  -1.6026432e+00
  -1.6026432e+00
  -1.6026432e+00
  -1.6026432e+00
  -1.6026432e+00
  -1.6026432e+00
  -1.6026432e+00
  -1.6026432e+00
  -1.6026432e+00
  -1.6026432e+00
  -1.6026432e+00
  -1.6026432e+00
  -1.6026432e+00
  -1.6026432e+00
  -1.6026432e+00
  -1.6026432e+00
  -1.6026432e+00
  -1.6026432e+00
  -1.6026432e+00
  -1.6026432e+00
  -1.6026432e+00
  -1.6026432e+00
  -1.6026432e+00
  -1.6026432e+00
  -1.6026432e+00
  -1.6026432e+00
  -1.6026432e+00
  -1.6026432e+00
  -1.6026432e+00
  -1.6026432e+00
  -1.6026432e+00
  -1.2229141e+00
  -1.2229141e+00
   2.7027195e+00
  -1.2229141e+00
  -1.2229141e+00
  -1.2229141e+00
  -1.2229141e+00
  -1.2229141e+00
  -1.2229141e+00
  -1.2229141e+00
  -1.2229141e+00
  -1.2229141e+00
  -1.2229141e+00
  -1.2229141e+00
  -1.2229141e+00
   3.5767790e+00
  -1.2229141e+00
  -1.2229141e+00
  -1.2425412e+00
   1.8590328e+00
   1.8590328e+00
   1.8590328e+00
   1.8590328e+00
   1.8590328e+00
   1.8590328e+00
   1.8590328e+00
   1.8590328e+00
   1.8590328e+00
   1.8590328e+00
   1.8590328e+00
   1.8590328e+00
   1.8590328e+00
   1.8590328e+00
   1.8590328e+00
   1.8590328e+00
   1.8590328e+00
  -1.6026432e+00
  -1.5089348e+00
  -1.2229141e+00
  -1.2229141e+00
  -1.2229141e+00
  -1.2229141e+00
  -1.2229141e+00
  -1.2229141e+00
  -1.2229141e+00
  -1.2229141e+00
  -1.2229141e+00
  -1.2837481e+00
  -1.2229141e+00
  -1.2229141e+00
  -1.2229141e+00
  -1.2229141e+00
  -1.2229141e+00
  -1.2229141e+00
  -1.2229141e+00
  -1.2229141e+00
  -1.2229141e+00
   3.1413833e+00
   1.8590328e+00
   1.8590328e+00
   1.8590328e+00
   1.8590328e+00
   1.8590328e+00
   1.8590328e+00
   1.8590328e+00
   1.8590328e+00
   1.8590328e+00
   1.8590328e+00
   1.8590328e+00
   1.8590328e+00
   1.8590328e+00
   1.8590328e+00
   1.8590328e+00
   1.8590328e+00
  -1.4255795e+00
   2.8004847e+00
   3.2742393e+00
   2.9055882e+00
   3.0188884e+00
   3.0188884e+00
   3.0188884e+00
   3.0188884e+00
   3.0188884e+00
   3.0188884e+00
   3.0188884e+00
   3.0188884e+00
   3.0188884e+00
   3.0188884e+00
   3.0188884e+00
   3.0188884e+00
   3.0188884e+00
   3.0188884e+00
   3.0188884e+00
   3.0188884e+00
   3.0188884e+00
   3.0188884e+00
   3.0188884e+00
   3.0188884e+00
   3.0188884e+00
   3.0188884e+00
   3.0188884e+00
   3.0188884e+00
   3.0188884e+00
   3.0188884e+00
   3.0188884e+00
   3.0188884e+00
   3.0188884e+00
   3.0188884e+00
   3.0188884e+00
   3.0188884e+00
   3.0188884e+00
   3.0188884e+00
   3.0188884e+00
   3.0188884e+00
   3.0188884e+00
   3.0188884e+00
   3.0188884e+00
   3.0188884e+00
   3.0188884e+00
   3.0188884e+00
   3.0188884e+00
   3.0188884e+00
   3.0188884e+00
   3.0188884e+00
   3.0188884e+00
   3.0188884e+00
   3.0188884e+00
   3.0188884e+00
   3.0188884e+00
   3.0188884e+00
   3.0188884e+00
   3.0188884e+00
   3.0188884e+00
   3.0188884e+00
   3.0188884e+00
   3.0188884e+00
  -1.2229141e+00
  -1.2229141e+00
  -1.2628086e+00
   2.0033488e+00
  -1.2229141e+00
  -1.2229141e+00
  -1.2229141e+00
  -1.2229141e+00
  -1.2229141e+00
  -1.2229141e+00
  -1.2229141e+00
  -1.2229141e+00
  -1.2229141e+00
  -1.2229141e+00
  -1.2229141e+00
  -1.2229141e+00
   3.4188291e+00
  -1.2229141e+00
  -1.2229141e+00
   2.9055882e+00
   1.8590328e+00
   1.8590328e+00
   1.8590328e+00
   1.8590328e+00
   1.8590328e+00
   1.8590328e+00
   1.8590328e+00
   1.8590328e+00
   1.8590328e+00
   1.8590328e+00
   1.8590328e+00
   1.8590328e+00
   1.8590328e+00
   1.8590328e+00
   1.8590328e+00
  -1.2229141e+00
  -1.2229141e+00
  -1.2229141e+00
   2.0565657e+00
  -1.2229141e+00
  -1.2229141e+00
  -1.2229141e+00
  -1.2229141e+00
  -1.2229141e+00
  -1.2229141e+00
   2.0565657e+00
  -1.2229141e+00
  -1.2229141e+00
  -1.3053938e+00
  -1.2229141e+00
  -1.2229141e+00
  -1.2229141e+00
  -1.2229141e+00
  -1.2229141e+00
  -1.2229141e+00
   3.5767790e+00
   1.8590328e+00
   1.8590328e+00
   1.8590328e+00
   1.8590328e+00
   1.8590328e+00
   1.8590328e+00
   1.8590328e+00
   1.8590328e+00
   1.8590328e+00
   1.8590328e+00
   1.8590328e+00
   1.8590328e+00
   1.8590328e+00
   1.8590328e+00
   1.8590328e+00
   1.8590328e+00
  -1.4800873e+00
   2.1126870e+00
  -1.5701400e+00
   2.8004847e+00
   2.8004847e+00
   2.8004847e+00
   2.8004847e+00
   2.9055882e+00
   2.8004847e+00
   2.9055882e+00
   2.9055882e+00
   2.8004847e+00
   2.8004847e+00
   2.8004847e+00
   2.8004847e+00
   2.8004847e+00
   2.9055882e+00
   2.8004847e+00
   2.9055882e+00
   2.8004847e+00
   2.8004847e+00
   2.9055882e+00
   2.9055882e+00
   2.8004847e+00
   2.9055882e+00
   2.8004847e+00
   2.9055882e+00
   2.8004847e+00
   2.8004847e+00
   2.9055882e+00
   2.8004847e+00
   2.8004847e+00
   2.9055882e+00
   2.8004847e+00
   2.8004847e+00
   2.9055882e+00
   2.8004847e+00
   2.8004847e+00
   2.8004847e+00
   2.8004847e+00
   2.8004847e+00
   2.8004847e+00
   2.8004847e+00
  -1.2229141e+00
  -1.2229141e+00
   2.1126870e+00
  -1.2229141e+00
  -1.2229141e+00
  -1.2229141e+00
  -1.2229141e+00
  -1.2229141e+00
  -1.2229141e+00
  -1.4800873e+00
  -1.2229141e+00
  -1.2229141e+00
  -1.2229141e+00
  -1.2229141e+00
  -1.2229141e+00
  -1.2229141e+00
  -1.2229141e+00
  -1.2229141e+00
  -1.2229141e+00
   3.1413833e+00
   1.8590328e+00
   1.8590328e+00
   1.8590328e+00
   1.8590328e+00
   1.8590328e+00
   1.8590328e+00
   1.8590328e+00
   1.8590328e+00
   1.8590328e+00
   1.8590328e+00
   1.8590328e+00
   1.8590328e+00
   1.8590328e+00
   1.8590328e+00
   1.8590328e+00
   1.8590328e+00
  -1.3998039e+00
   2.0033488e+00
  -1.5089348e+00
  -1.2229141e+00
  -1.2229141e+00
  -1.2229141e+00
   3.2742393e+00
  -1.2229141e+00
  -1.2229141e+00
  -1.2229141e+00
  -1.2229141e+00
  -1.2229141e+00
  -1.2229141e+00
  -1.2229141e+00
  -1.2229141e+00
  -1.2229141e+00
   2.1126870e+00
  -1.2229141e+00
  -1.2229141e+00
  -1.2229141e+00
  -1.2229141e+00
  -1.2229141e+00
  -1.2229141e+00
   1.8590328e+00
   1.8590328e+00
   1.8590328e+00
   1.8590328e+00
   1.8590328e+00
   1.8590328e+00
   1.8590328e+00
   1.8590328e+00
   1.8590328e+00
   1.8590328e+00
   1.8590328e+00
   1.8590328e+00
   1.8590328e+00
   1.8590328e+00
   1.8590328e+00
   1.8590328e+00
   1.8590328e+00
  -1.3277820e+00
   2.5263307e+00
  -1.6026432e+00
  -1.7087612e+00
  -1.6718608e+00
  -1.6718608e+00
  -1.6718608e+00
  -1.6718608e+00
  -1.6718608e+00
  -1.6718608e+00
  -1.6718608e+00
  -1.6718608e+00
  -1.6718608e+00
  -1.6718608e+00
  -1.6718608e+00
  -1.6718608e+00
  -1.6718608e+00
  -1.6718608e+00
  -1.6718608e+00
  -1.6718608e+00
  -1.6718608e+00
  -1.6718608e+00
  -1.6718608e+00
  -1.6718608e+00
  -1.6718608e+00
  -1.6718608e+00
  -1.6718608e+00
  -1.6718608e+00
  -1.6718608e+00
  -1.6718608e+00
  -1.6718608e+00
  -1.6718608e+00
  -1.6718608e+00
  -1.6718608e+00
  -1.6718608e+00
  -1.6718608e+00
  -1.6718608e+00
  -1.6718608e+00
  -1.6718608e+00
  -1.6718608e+00
  -1.6718608e+00
  -1.6718608e+00
  -1.6718608e+00
  -1.6718608e+00
  -1.6718608e+00
  -1.6718608e+00
  -1.6718608e+00
  -1.6718608e+00
  -1.6718608e+00
  -1.6718608e+00
  -1.6718608e+00
  -1.6718608e+00
  -1.6718608e+00
  -1.6718608e+00
  -1.6718608e+00
  -1.6718608e+00
  -1.6718608e+00
  -1.2229141e+00
  -1.2229141e+00
   1.9528167e+00
  -1.2229141e+00
  -1.2229141e+00
  -1.2229141e+00
  -1.2229141e+00
  -1.2229141e+00
  -1.2229141e+00
  -1.2229141e+00
  -1.2229141e+00
  -1.2229141e+00
  -1.2229141e+00
  -1.2229141e+00
  -1.2229141e+00
  -1.2229141e+00
  -1.2229141e+00
  -1.2229141e+00
  -1.2229141e+00
   1.8590328e+00
   1.8590328e+00
   1.8590328e+00
   1.8590328e+00
   1.8590328e+00
   1.8590328e+00
   1.8590328e+00
   1.8590328e+00
   1.8590328e+00
   1.8590328e+00
   1.8590328e+00
   1.8590328e+00
   1.8590328e+00
   1.8590328e+00
   1.8590328e+00
   1.8590328e+00
  -1.6365204e+00
  -1.2425412e+00
  -1.2229141e+00
  -1.2229141e+00
   2.2346489e+00
  -1.2229141e+00
  -1.2229141e+00
  -1.2229141e+00
  -1.2229141e+00
  -1.2229141e+00
  -1.2229141e+00
  -1.2229141e+00
  -1.2229141e+00
  -1.6365204e+00
  -1.2229141e+00
  -1.2229141e+00
  -1.2229141e+00
  -1.2229141e+00
  -1.2229141e+00
  -1.2229141e+00
  -1.2229141e+00
   1.8590328e+00
   1.8590328e+00
   1.8590328e+00
   1.8590328e+00
   1.8590328e+00
   1.8590328e+00
   1.8590328e+00
   1.8590328e+00
   1.8590328e+00
   1.8590328e+00
   1.8590328e+00
   1.8590328e+00
   1.8590328e+00
   1.8590328e+00
   1.8590328e+00
   1.8590328e+00
   1.8590328e+00
   2.7027195e+00
   3.0188884e+00
  -1.6718608e+00
  -1.6718608e+00
  -1.7087612e+00
  -1.6718608e+00
  -1.6718608e+00
  -1.6718608e+00
  -1.7087612e+00
  -1.6718608e+00
  -1.7087612e+00
  -1.6718608e+00
  -1.6718608e+00
  -1.7087612e+00
  -1.6718608e+00
  -1.6718608e+00
  -1.6718608e+00
  -1.7087612e+00
  -1.7087612e+00
  -1.7087612e+00
  -1.7087612e+00
  -1.7087612e+00
  -1.7087612e+00
  -1.7087612e+00
  -1.7087612e+00
  -1.6718608e+00
  -1.6718608e+00
  -1.7087612e+00
  -1.7087612e+00
  -1.7087612e+00
  -1.6718608e+00
  -1.7087612e+00
  -1.7087612e+00
  -1.7087612e+00
  -1.7087612e+00
  -1.7087612e+00
  -1.6718608e+00
  -1.6718608e+00
  -1.7087612e+00
  -1.6718608e+00
  -1.7087612e+00
  -1.7087612e+00
  -1.7087612e+00
  -1.7087612e+00
  -1.7087612e+00
  -1.7087612e+00
  -1.2229141e+00
  -1.2229141e+00
   3.4188291e+00
   2.0033488e+00
  -1.2229141e+00
  -1.2229141e+00
  -1.2229141e+00
  -1.2229141e+00
  -1.2229141e+00
  -1.2837481e+00
   1.8590328e+00
  -1.2229141e+00
  -1.2229141e+00
  -1.2229141e+00
  -1.2229141e+00
  -1.2229141e+00
  -1.2229141e+00
  -1.2229141e+00
  -1.2229141e+00
  -1.2229141e+00
   2.0565657e+00
   1.8590328e+00
   1.8590328e+00
   1.8590328e+00
   1.8590328e+00
   1.8590328e+00
   1.8590328e+00
   1.8590328e+00
   1.8590328e+00
   1.8590328e+00
   1.8590328e+00
   1.8590328e+00
   1.8590328e+00
   1.8590328e+00
   1.8590328e+00
   1.8590328e+00
   1.8590328e+00
  -1.4255795e+00
   2.2346489e+00
   2.9055882e+00
  -1.2229141e+00
  -1.2229141e+00
  -1.5089348e+00
  -1.2229141e+00
  -1.2229141e+00
  -1.2229141e+00
  -1.5389291e+00
  -1.2229141e+00
  -1.2229141e+00
   2.8004847e+00
  -1.2229141e+00
  -1.2229141e+00
  -1.6026432e+00
  -1.2229141e+00
  -1.2229141e+00
  -1.7087612e+00
  -1.2229141e+00
  -1.2229141e+00
  -1.2229141e+00
   1.8590328e+00
   1.8590328e+00
   1.8590328e+00
   1.8590328e+00
   1.8590328e+00
   1.8590328e+00
   1.8590328e+00
   1.8590328e+00
   1.8590328e+00
   1.8590328e+00
   1.8590328e+00
   1.8590328e+00
   1.8590328e+00
   1.8590328e+00
   1.8590328e+00
   1.8590328e+00
   1.8590328e+00
  -1.3053938e+00
   2.1126870e+00
  -1.2229141e+00
   2.3010673e+00
  -1.6365204e+00
  -1.6026432e+00
  -1.6026432e+00
  -1.6026432e+00
  -1.6026432e+00
  -1.6365204e+00
  -1.6026432e+00
  -1.6026432e+00
  -1.6026432e+00
  -1.6026432e+00
  -1.6026432e+00
  -1.6026432e+00
  -1.6026432e+00
  -1.6026432e+00
  -1.6026432e+00
  -1.6026432e+00
  -1.6026432e+00
  -1.6365204e+00
  -1.6026432e+00
  -1.6026432e+00
  -1.6026432e+00
  -1.6026432e+00
  -1.6026432e+00
  -1.6026432e+00
  -1.6026432e+00
  -1.6026432e+00
  -1.6026432e+00
  -1.6026432e+00
  -1.6365204e+00
  -1.6026432e+00
  -1.6365204e+00
  -1.6026432e+00
  -1.6026432e+00
  -1.6026432e+00
  -1.6365204e+00
  -1.6026432e+00
  -1.6026432e+00
  -1.6026432e+00
  -1.6365204e+00
  -1.6365204e+00
  -1.6026432e+00
  -1.6026432e+00
  -1.6026432e+00
  -1.2229141e+00
  -1.2229141e+00
   2.0565657e+00
  -1.2229141e+00
  -1.2229141e+00
  -1.3277820e+00
  -1.2229141e+00
  -1.2229141e+00
   3.2742393e+00
  -1.2229141e+00
  -1.2229141e+00
  -1.2229141e+00
  -1.2229141e+00
  -1.2229141e+00
  -1.2229141e+00
   2.8004847e+00
  -1.2229141e+00
  -1.2229141e+00
  -1.6365204e+00
   1.8590328e+00
   1.8590328e+00
   1.8590328e+00
   1.8590328e+00
   1.8590328e+00
   1.8590328e+00
   1.8590328e+00
   1.8590328e+00
   1.8590328e+00
   1.8590328e+00
   1.8590328e+00
   1.8590328e+00
   1.8590328e+00
   1.8590328e+00
   1.8590328e+00
   1.8590328e+00
   3.5767790e+00
  -1.7473273e+00
  -1.2229141e+00
  -1.2229141e+00
   2.0565657e+00
  -1.2229141e+00
  -1.2229141e+00
  -1.2229141e+00
  -1.2229141e+00
  -1.2229141e+00
  -1.2229141e+00
  -1.2229141e+00
  -1.2229141e+00
  -1.2229141e+00
  -1.2229141e+00
  -1.2229141e+00
  -1.2229141e+00
  -1.7087612e+00
  -1.2229141e+00
  -1.2229141e+00
   2.7027195e+00
   1.8590328e+00
   1.8590328e+00
   1.8590328e+00
   1.8590328e+00
   1.8590328e+00
   1.8590328e+00
   1.8590328e+00
   1.8590328e+00
   1.8590328e+00
   1.8590328e+00
   1.8590328e+00
   1.8590328e+00
   1.8590328e+00
   1.8590328e+00
   1.8590328e+00
   1.8590328e+00
  -1.4255795e+00
   2.9055882e+00
   3.2742393e+00
  -1.6365204e+00
  -1.6026432e+00
  -1.6026432e+00
  -1.6026432e+00
  -1.6026432e+00
  -1.6026432e+00
  -1.6026432e+00
  -1.6026432e+00
  -1.6026432e+00
  -1.6026432e+00
  -1.6026432e+00
  -1.6026432e+00
  -1.6026432e+00
  -1.6026432e+00
  -1.6026432e+00
  -1.6026432e+00
  -1.6026432e+00
  -1.6026432e+00
  -1.6026432e+00
  -1.6026432e+00
  -1.6026432e+00
  -1.6026432e+00
  -1.6026432e+00
  -1.6026432e+00
  -1.6026432e+00
  -1.6026432e+00
  -1.6026432e+00
  -1.6026432e+00
  -1.6026432e+00
  -1.6026432e+00
  -1.6026432e+00
  -1.6026432e+00
  -1.6026432e+00
  -1.6026432e+00
  -1.6026432e+00
  -1.6026432e+00
  -1.6026432e+00
  -1.6026432e+00
  -1.6026432e+00
  -1.6026432e+00
  -1.6026432e+00
  -1.6026432e+00
  -1.6026432e+00
  -1.6026432e+00
  -1.2229141e+00
  -1.2229141e+00
  -1.4800873e+00
  -1.2229141e+00
  -1.2229141e+00
  -1.2229141e+00
  -1.2229141e+00
  -1.2229141e+00
  -1.2229141e+00
  -1.6365204e+00
  -1.2229141e+00
  -1.2229141e+00
  -1.6026432e+00
  -1.2229141e+00
  -1.2229141e+00
  -1.2229141e+00
  -1.2229141e+00
  -1.2229141e+00
  -1.2229141e+00
   1.8590328e+00
   1.8590328e+00
   1.8590328e+00
   1.8590328e+00
   1.8590328e+00
   1.8590328e+00
   1.8590328e+00
   1.8590328e+00
   1.8590328e+00
   1.8590328e+00
   1.8590328e+00
   1.8590328e+00
   1.8590328e+00
   1.8590328e+00
   1.8590328e+00
   1.8590328e+00
   1.8590328e+00
  -1.4800873e+00
  -1.2229141e+00
  -1.2229141e+00
   2.4464973e+00
  -1.2229141e+00
  -1.2229141e+00
  -1.2229141e+00
  -1.2229141e+00
  -1.2229141e+00
  -1.2229141e+00
   3.2742393e+00
  -1.2229141e+00
  -1.2229141e+00
  -1.2628086e+00
  -1.2229141e+00
  -1.2229141e+00
  -1.3053938e+00
  -1.2229141e+00
  -1.2229141e+00
  -1.2229141e+00
   1.8590328e+00
   1.8590328e+00
   1.8590328e+00
   1.8590328e+00
   1.8590328e+00
   1.8590328e+00
   1.8590328e+00
   1.8590328e+00
   1.8590328e+00
   1.8590328e+00
   1.8590328e+00
   1.8590328e+00
   1.8590328e+00
   1.8590328e+00
   1.8590328e+00
   1.8590328e+00
   1.8590328e+00
   3.4188291e+00
   3.0188884e+00
   2.5263307e+00
  -1.6718608e+00
  -1.6718608e+00
  -1.6718608e+00
  -1.6718608e+00
  -1.6718608e+00
  -1.6718608e+00
  -1.6718608e+00
  -1.6718608e+00
  -1.6718608e+00
  -1.6718608e+00
  -1.6718608e+00
  -1.6718608e+00
  -1.6718608e+00
  -1.6718608e+00
  -1.6718608e+00
  -1.6718608e+00
  -1.6718608e+00
  -1.6718608e+00
  -1.6718608e+00
  -1.6718608e+00
  -1.6718608e+00
  -1.6718608e+00
  -1.6718608e+00
  -1.6718608e+00
  -1.6718608e+00
  -1.6718608e+00
  -1.6718608e+00
  -1.6718608e+00
  -1.6718608e+00
  -1.6718608e+00
  -1.6718608e+00
  -1.6718608e+00
  -1.6718608e+00
  -1.6718608e+00
  -1.6718608e+00
  -1.6718608e+00
  -1.6718608e+00
  -1.6718608e+00
  -1.6718608e+00
  -1.6718608e+00
  -1.6718608e+00
  -1.6718608e+00
  -1.6718608e+00
  -1.6718608e+00
  -1.6718608e+00
  -1.6718608e+00
  -1.6718608e+00
  -1.6718608e+00
  -1.6718608e+00
  -1.6718608e+00
  -1.6718608e+00
  -1.6718608e+00
  -1.6718608e+00
  -1.6718608e+00
  -1.6718608e+00
  -1.6718608e+00
  -1.6718608e+00
  -1.6718608e+00
  -1.6718608e+00
  -1.6718608e+00
  -1.6718608e+00
  -1.6718608e+00
  -1.6718608e+00
  -1.6718608e+00
  -1.6718608e+00
  -1.6718608e+00
  -1.6718608e+00
  -1.6718608e+00
  -1.6718608e+00
  -1.6718608e+00
  -1.6718608e+00
  -1.6718608e+00
  -1.6718608e+00
  -1.6718608e+00
  -1.6718608e+00
  -1.6718608e+00
  -1.6718608e+00
  -1.6718608e+00
  -1.6718608e+00
  -1.6718608e+00
  -1.6718608e+00
  -1.6718608e+00
  -1.6718608e+00
  -1.6718608e+00
  -1.6718608e+00
  -1.6718608e+00
  -1.6718608e+00
  -1.6718608e+00
  -1.6718608e+00
  -1.6718608e+00
  -1.6718608e+00
  -1.6718608e+00
  -1.6718608e+00
  -1.6718608e+00
  -1.6718608e+00
  -1.6718608e+00
  -1.6718608e+00
  -1.6718608e+00
  -1.6718608e+00
  -1.6718608e+00
  -1.6718608e+00
  -1.6718608e+00
  -1.6718608e+00
  -1.6718608e+00
  -1.6718608e+00
  -1.6718608e+00
  -1.6718608e+00
  -1.6718608e+00
  -1.6718608e+00
  -1.6718608e+00
  -1.6718608e+00
  -1.6718608e+00
  -1.6718608e+00
  -1.6718608e+00
  -1.6718608e+00
  -1.6718608e+00
  -1.6718608e+00
  -1.6718608e+00
  -1.6718608e+00
  -1.6718608e+00
  -1.6718608e+00
  -1.6718608e+00
  -1.6718608e+00
  -1.6718608e+00
  -1.6718608e+00
  -1.6718608e+00
  -1.6718608e+00
  -1.6718608e+00
  -1.6718608e+00
  -1.6718608e+00
  -1.6718608e+00
  -1.6718608e+00
  -1.6718608e+00
  -1.6718608e+00
  -1.6718608e+00
  -1.6718608e+00
  -1.6718608e+00
  -1.6718608e+00
  -1.6718608e+00
  -1.6718608e+00
  -1.6718608e+00
  -1.6718608e+00
  -1.6718608e+00
  -1.6718608e+00
  -1.6718608e+00
  -1.6718608e+00
  -1.6718608e+00
  -1.6718608e+00
  -1.6718608e+00
  -1.6718608e+00
  -1.6718608e+00
  -1.6718608e+00
  -1.6718608e+00
  -1.6718608e+00
  -1.6718608e+00
  -1.6718608e+00
  -1.6718608e+00
  -1.6718608e+00
  -1.6718608e+00
  -1.6718608e+00
  -1.6718608e+00
  -1.6718608e+00
  -1.6718608e+00
  -1.6718608e+00
  -1.6718608e+00
  -1.6718608e+00
  -1.6718608e+00
  -1.2229141e+00
  -1.2229141e+00
   2.3010673e+00
  -1.2229141e+00
  -1.2229141e+00
  -1.2229141e+00
  -1.2229141e+00
  -1.2229141e+00
  -1.2229141e+00
  -1.2229141e+00
  -1.2229141e+00
  -1.2229141e+00
   2.4464973e+00
  -1.2229141e+00
  -1.2229141e+00
  -1.2229141e+00
  -1.4523222e+00
  -1.2229141e+00
  -1.2229141e+00
  -1.4255795e+00
   1.8590328e+00
   1.8590328e+00
   1.8590328e+00
   1.8590328e+00
   1.8590328e+00
   1.8590328e+00
   1.8590328e+00
   1.8590328e+00
   1.8590328e+00
   1.8590328e+00
   1.8590328e+00
   1.8590328e+00
   1.8590328e+00
   1.8590328e+00
   1.8590328e+00
   1.8590328e+00
   1.8590328e+00
  -1.2425412e+00
   2.1126870e+00
  -1.4800873e+00
  -1.6365204e+00
  -1.6026432e+00
  -1.2229141e+00
  -1.2229141e+00
   2.6115501e+00
  -1.2229141e+00
  -1.2229141e+00
  -1.2229141e+00
  -1.2229141e+00
  -1.2229141e+00
  -1.2229141e+00
   3.5767790e+00
  -1.2229141e+00
  -1.2229141e+00
  -1.5389291e+00
  -1.2229141e+00
  -1.2229141e+00
  -1.7087612e+00
  -1.2229141e+00
  -1.2229141e+00
  -1.2229141e+00
   1.8590328e+00
   1.8590328e+00
   1.8590328e+00
   1.8590328e+00
   1.8590328e+00
   1.8590328e+00
   1.8590328e+00
   1.8590328e+00
   1.8590328e+00
   1.8590328e+00
   1.8590328e+00
   1.8590328e+00
   1.8590328e+00
   1.8590328e+00
   1.8590328e+00
   1.8590328e+00
   1.8590328e+00
  -1.3749439e+00
   2.5263307e+00
  -1.5701400e+00
  -1.5701400e+00
   2.3715549e+00
  -1.6026432e+00
  -1.6026432e+00
  -1.6026432e+00
  -1.6026432e+00
  -1.6026432e+00
  -1.6026432e+00
  -1.6026432e+00
  -1.6026432e+00
  -1.6026432e+00
  -1.6026432e+00
  -1.6026432e+00
  -1.6026432e+00
  -1.6026432e+00
  -1.6026432e+00
  -1.6026432e+00
  -1.6026432e+00
  -1.6026432e+00
  -1.6026432e+00
  -1.6026432e+00
  -1.6026432e+00
  -1.6026432e+00
  -1.6026432e+00
  -1.6026432e+00
  -1.6026432e+00
  -1.6026432e+00
  -1.6026432e+00
  -1.6026432e+00
  -1.6026432e+00
  -1.6026432e+00
  -1.6026432e+00
  -1.6026432e+00
  -1.6026432e+00
  -1.6026432e+00
  -1.6026432e+00
  -1.6026432e+00
  -1.6026432e+00
  -1.6026432e+00
  -1.6026432e+00
  -1.6026432e+00
  -1.6026432e+00
  -1.6026432e+00
  -1.6026432e+00
  -1.6026432e+00
  -1.6026432e+00
  -1.6026432e+00
  -1.6026432e+00
  -1.2229141e+00
  -1.2229141e+00
  -1.3509514e+00
   2.1126870e+00
  -1.2229141e+00
  -1.2229141e+00
  -1.2229141e+00
  -1.2229141e+00
  -1.2229141e+00
  -1.2425412e+00
   2.3715549e+00
  -1.2229141e+00
  -1.2229141e+00
  -1.2425412e+00
  -1.2229141e+00
  -1.2229141e+00
  -1.3053938e+00
   1.8590328e+00
  -1.2229141e+00
  -1.2229141e+00
  -1.2229141e+00
   1.8590328e+00
   1.8590328e+00
   1.8590328e+00
   1.8590328e+00
   1.8590328e+00
   1.8590328e+00
   1.8590328e+00
   1.8590328e+00
   1.8590328e+00
   1.8590328e+00
   1.8590328e+00
   1.8590328e+00
   1.8590328e+00
   1.8590328e+00
   1.8590328e+00
   1.8590328e+00
   1.8590328e+00
  -1.2425412e+00
  -1.2229141e+00
  -1.2229141e+00
   2.0565657e+00
  -1.2229141e+00
  -1.2229141e+00
  -1.2229141e+00
  -1.2229141e+00
  -1.2229141e+00
  -1.2229141e+00
  -1.2229141e+00
  -1.2229141e+00
  -1.2229141e+00
   2.0033488e+00
  -1.2229141e+00
  -1.2229141e+00
  -1.2229141e+00
   3.1413833e+00
  -1.2229141e+00
  -1.2229141e+00
   2.3010673e+00
   1.8590328e+00
   1.8590328e+00
   1.8590328e+00
   1.8590328e+00
   1.8590328e+00
   1.8590328e+00
   1.8590328e+00
   1.8590328e+00
   1.8590328e+00
   1.8590328e+00
   1.8590328e+00
   1.8590328e+00
   1.8590328e+00
   1.8590328e+00
   1.8590328e+00
   1.8590328e+00
   2.1719571e+00
  -1.2229141e+00
   2.2346489e+00
  -1.5089348e+00
   3.0188884e+00
   2.9055882e+00
   2.9055882e+00
   2.9055882e+00
   2.9055882e+00
   2.9055882e+00
   2.9055882e+00
   2.9055882e+00
   2.9055882e+00
   2.9055882e+00
   3.0188884e+00
   2.9055882e+00
   2.9055882e+00
   2.9055882e+00
   2.9055882e+00
   2.9055882e+00
   2.9055882e+00
   2.9055882e+00
   2.9055882e+00
   2.9055882e+00
   2.9055882e+00
   2.9055882e+00
   2.9055882e+00
   2.9055882e+00
   2.9055882e+00
   2.9055882e+00
   2.9055882e+00
   2.9055882e+00
   2.9055882e+00
   2.9055882e+00
   2.9055882e+00
   2.9055882e+00
   2.9055882e+00
   3.0188884e+00
   2.9055882e+00
   2.9055882e+00
   2.9055882e+00
   2.9055882e+00
   2.9055882e+00
   2.9055882e+00
   2.9055882e+00
   2.9055882e+00
   3.0188884e+00
   2.9055882e+00
   2.9055882e+00
   2.9055882e+00
   2.9055882e+00
   2.9055882e+00
   2.9055882e+00
   2.9055882e+00
   2.9055882e+00
   2.9055882e+00
   2.9055882e+00
   2.9055882e+00
   2.9055882e+00
   2.9055882e+00
   3.0188884e+00
   3.0188884e+00
   2.9055882e+00
   2.9055882e+00
   2.9055882e+00
   2.9055882e+00
   2.9055882e+00
   2.9055882e+00
   2.9055882e+00
   2.9055882e+00
   2.9055882e+00
   2.9055882e+00
   2.9055882e+00
   2.9055882e+00
   2.9055882e+00
   2.9055882e+00
   2.9055882e+00
   2.9055882e+00
   2.9055882e+00
  -1.5701400e+00
  -1.5701400e+00
  -1.5701400e+00
  -1.5701400e+00
  -1.5701400e+00
  -1.5701400e+00
  -1.5701400e+00
  -1.5701400e+00
  -1.5701400e+00
  -1.5701400e+00
  -1.2229141e+00
  -1.2229141e+00
  -1.2229141e+00
  -1.2229141e+00
  -1.2229141e+00
  -1.2229141e+00
  -1.2229141e+00
  -1.2229141e+00
  -1.2229141e+00
  -1.2229141e+00
  -1.2229141e+00
  -1.2229141e+00
  -1.2229141e+00
   2.1719571e+00
  -1.2229141e+00
  -1.2229141e+00
  -1.2229141e+00
  -1.2229141e+00
  -1.2229141e+00
  -1.2229141e+00
   1.8590328e+00
   1.8590328e+00
   1.8590328e+00
   1.8590328e+00
   1.8590328e+00
   1.8590328e+00
   1.8590328e+00
   1.8590328e+00
   1.8590328e+00
   1.8590328e+00
   1.8590328e+00
   1.8590328e+00
   1.8590328e+00
   1.8590328e+00
   1.8590328e+00
   1.8590328e+00
   1.8590328e+00
  -1.2229141e+00
   2.6115501e+00
  -1.6365204e+00
  -1.6365204e+00
  -1.6365204e+00
  -1.6365204e+00
  -1.6365204e+00
  -1.6365204e+00
  -1.6365204e+00
  -1.6365204e+00
  -1.6365204e+00
  -1.6365204e+00
  -1.6365204e+00
  -1.6365204e+00
  -1.6365204e+00
  -1.6365204e+00
  -1.6365204e+00
  -1.6365204e+00
  -1.6365204e+00
  -1.6365204e+00
  -1.6365204e+00
  -1.6365204e+00
  -1.6365204e+00
  -1.6365204e+00
  -1.6365204e+00
  -1.6365204e+00
  -1.6365204e+00
  -1.6365204e+00
  -1.6365204e+00
  -1.6365204e+00
  -1.6365204e+00
  -1.6365204e+00
  -1.6365204e+00
  -1.6365204e+00
  -1.6365204e+00
  -1.6365204e+00
  -1.6365204e+00
  -1.6365204e+00
  -1.6365204e+00
  -1.6365204e+00
  -1.6365204e+00
  -1.6365204e+00
  -1.6365204e+00
  -1.2229141e+00
  -1.2229141e+00
  -1.7087612e+00
   1.9047710e+00
  -1.2229141e+00
  -1.2229141e+00
  -1.2229141e+00
  -1.2229141e+00
  -1.2229141e+00
  -1.4523222e+00
  -1.2229141e+00
  -1.2229141e+00
   3.4188291e+00
  -1.2229141e+00
  -1.2229141e+00
  -1.2229141e+00
  -1.2229141e+00
  -1.2229141e+00
  -1.2229141e+00
   1.8590328e+00
   1.8590328e+00
   1.8590328e+00
   1.8590328e+00
   1.8590328e+00
   1.8590328e+00
   1.8590328e+00
   1.8590328e+00
   1.8590328e+00
   1.8590328e+00
   1.8590328e+00
   1.8590328e+00
   1.8590328e+00
   1.8590328e+00
   1.8590328e+00
   1.8590328e+00
   1.8590328e+00
  -1.2229141e+00
  -1.2229141e+00
  -1.2628086e+00
  -1.2229141e+00
  -1.2229141e+00
  -1.2229141e+00
  -1.2229141e+00
  -1.2229141e+00
  -1.2229141e+00
  -1.5701400e+00
  -1.2229141e+00
  -1.2229141e+00
  -1.7087612e+00
  -1.2229141e+00
  -1.2229141e+00
  -1.2229141e+00
  -1.2229141e+00
  -1.2229141e+00
  -1.2229141e+00
   2.1126870e+00
   1.8590328e+00
   1.8590328e+00
   1.8590328e+00
   1.8590328e+00
   1.8590328e+00
   1.8590328e+00
   1.8590328e+00
   1.8590328e+00
   1.8590328e+00
   1.8590328e+00
   1.8590328e+00
   1.8590328e+00
   1.8590328e+00
   1.8590328e+00
   1.8590328e+00
   1.8590328e+00
   2.7027195e+00
   2.2346489e+00
  -1.5701400e+00
  -1.6026432e+00
  -1.6026432e+00
  -1.6026432e+00
  -1.6026432e+00
  -1.6026432e+00
  -1.6026432e+00
  -1.6026432e+00
  -1.6026432e+00
  -1.6026432e+00
  -1.6026432e+00
  -1.6026432e+00
  -1.6026432e+00
  -1.6026432e+00
  -1.6026432e+00
  -1.6026432e+00
  -1.6026432e+00
  -1.6026432e+00
  -1.6026432e+00
  -1.6026432e+00
  -1.6026432e+00
  -1.6026432e+00
  -1.6026432e+00
  -1.6026432e+00
  -1.6026432e+00
  -1.6026432e+00
  -1.6026432e+00
  -1.6026432e+00
  -1.6026432e+00
  -1.6026432e+00
  -1.6026432e+00
  -1.6026432e+00
  -1.6026432e+00
  -1.6026432e+00
  -1.6026432e+00
  -1.6026432e+00
  -1.6026432e+00
  -1.6026432e+00
  -1.6026432e+00
  -1.6026432e+00
  -1.6026432e+00
  -1.6026432e+00
  -1.6026432e+00
  -1.6026432e+00
  -1.6026432e+00
  -1.6026432e+00
  -1.6026432e+00
  -1.6026432e+00
  -1.2229141e+00
  -1.2229141e+00
   2.7027195e+00
  -1.2229141e+00
  -1.2229141e+00
  -1.2229141e+00
  -1.2229141e+00
  -1.2229141e+00
  -1.2229141e+00
  -1.2229141e+00
  -1.2229141e+00
  -1.2229141e+00
  -1.2229141e+00
  -1.2229141e+00
  -1.2229141e+00
   3.5767790e+00
  -1.2229141e+00
  -1.2229141e+00
  -1.2425412e+00
   1.8590328e+00
   1.8590328e+00
   1.8590328e+00
   1.8590328e+00
   1.8590328e+00
   1.8590328e+00
   1.8590328e+00
   1.8590328e+00
   1.8590328e+00
   1.8590328e+00
   1.8590328e+00
   1.8590328e+00
   1.8590328e+00
   1.8590328e+00
   1.8590328e+00
   1.8590328e+00
   1.8590328e+00
  -1.6026432e+00
  -1.5089348e+00
  -1.2229141e+00
  -1.2229141e+00
  -1.2229141e+00
  -1.2229141e+00
  -1.2229141e+00
  -1.2229141e+00
  -1.2229141e+00
  -1.2229141e+00
  -1.2229141e+00
  -1.2837481e+00
  -1.2229141e+00
  -1.2229141e+00
  -1.2229141e+00
  -1.2229141e+00
  -1.2229141e+00
  -1.2229141e+00
  -1.2229141e+00
  -1.2229141e+00
  -1.2229141e+00
   3.1413833e+00
   1.8590328e+00
   1.8590328e+00
   1.8590328e+00
   1.8590328e+00
   1.8590328e+00
   1.8590328e+00
   1.8590328e+00
   1.8590328e+00
   1.8590328e+00
   1.8590328e+00
   1.8590328e+00
   1.8590328e+00
   1.8590328e+00
   1.8590328e+00
   1.8590328e+00
   1.8590328e+00
  -1.4255795e+00
   2.8004847e+00
   3.2742393e+00
   2.9055882e+00
   3.0188884e+00
   3.0188884e+00
   3.0188884e+00
   3.0188884e+00
   3.0188884e+00
   3.0188884e+00
   3.0188884e+00
   3.0188884e+00
   3.0188884e+00
   3.0188884e+00
   3.0188884e+00
   3.0188884e+00
   3.0188884e+00
   3.0188884e+00
   3.0188884e+00
   3.0188884e+00
   3.0188884e+00
   3.0188884e+00
   3.0188884e+00
   3.0188884e+00
   3.0188884e+00
   3.0188884e+00
   3.0188884e+00
   3.0188884e+00
   3.0188884e+00
   3.0188884e+00
   3.0188884e+00
   3.0188884e+00
   3.0188884e+00
   3.0188884e+00
   3.0188884e+00
   3.0188884e+00
   3.0188884e+00
   3.0188884e+00
   3.0188884e+00
   3.0188884e+00
   3.0188884e+00
   3.0188884e+00
   3.0188884e+00
   3.0188884e+00
   3.0188884e+00
   3.0188884e+00
   3.0188884e+00
   3.0188884e+00
   3.0188884e+00
   3.0188884e+00
   3.0188884e+00
   3.0188884e+00
   3.0188884e+00
   3.0188884e+00
   3.0188884e+00
   3.0188884e+00
   3.0188884e+00
   3.0188884e+00
   3.0188884e+00
   3.0188884e+00
   3.0188884e+00
   3.0188884e+00
  -1.2229141e+00
  -1.2229141e+00
  -1.2628086e+00
   2.0033488e+00
  -1.2229141e+00
  -1.2229141e+00
  -1.2229141e+00
  -1.2229141e+00
  -1.2229141e+00
  -1.2229141e+00
  -1.2229141e+00
  -1.2229141e+00
  -1.2229141e+00
  -1.2229141e+00
  -1.2229141e+00
  -1.2229141e+00
   3.4188291e+00
  -1.2229141e+00
  -1.2229141e+00
   2.9055882e+00
   1.8590328e+00
   1.8590328e+00
   1.8590328e+00
   1.8590328e+00
   1.8590328e+00
   1.8590328e+00
   1.8590328e+00
   1.8590328e+00
   1.8590328e+00
   1.8590328e+00
   1.8590328e+00
   1.8590328e+00
   1.8590328e+00
   1.8590328e+00
   1.8590328e+00
  -1.2229141e+00
  -1.2229141e+00
  -1.2229141e+00
   2.0565657e+00
  -1.2229141e+00
  -1.2229141e+00
  -1.2229141e+00
  -1.2229141e+00
  -1.2229141e+00
  -1.2229141e+00
   2.0565657e+00
  -1.2229141e+00
  -1.2229141e+00
  -1.3053938e+00
  -1.2229141e+00
  -1.2229141e+00
  -1.2229141e+00
  -1.2229141e+00
  -1.2229141e+00
  -1.2229141e+00
   3.5767790e+00
   1.8590328e+00
   1.8590328e+00
   1.8590328e+00
   1.8590328e+00
   1.8590328e+00
   1.8590328e+00
   1.8590328e+00
   1.8590328e+00
   1.8590328e+00
   1.8590328e+00
   1.8590328e+00
   1.8590328e+00
   1.8590328e+00
   1.8590328e+00
   1.8590328e+00
   1.8590328e+00
  -1.4800873e+00
   2.1126870e+00
  -1.5701400e+00
   2.8004847e+00
   2.8004847e+00
   2.8004847e+00
   2.8004847e+00
   2.9055882e+00
   2.8004847e+00
   2.9055882e+00
   2.9055882e+00
   2.8004847e+00
   2.8004847e+00
   2.8004847e+00
   2.8004847e+00
   2.8004847e+00
   2.9055882e+00
   2.8004847e+00
   2.9055882e+00
   2.8004847e+00
   2.8004847e+00
   2.9055882e+00
   2.9055882e+00
   2.8004847e+00
   2.9055882e+00
   2.8004847e+00
   2.9055882e+00
   2.8004847e+00
   2.8004847e+00
   2.9055882e+00
   2.8004847e+00
   2.8004847e+00
   2.9055882e+00
   2.8004847e+00
   2.8004847e+00
   2.9055882e+00
   2.8004847e+00
   2.8004847e+00
   2.8004847e+00
   2.8004847e+00
   2.8004847e+00
   2.8004847e+00
   2.8004847e+00
  -1.2229141e+00
  -1.2229141e+00
   2.1126870e+00
  -1.2229141e+00
  -1.2229141e+00
  -1.2229141e+00
  -1.2229141e+00
  -1.2229141e+00
  -1.2229141e+00
  -1.4800873e+00
  -1.2229141e+00
  -1.2229141e+00
  -1.2229141e+00
  -1.2229141e+00
  -1.2229141e+00
  -1.2229141e+00
  -1.2229141e+00
  -1.2229141e+00
  -1.2229141e+00
   3.1413833e+00
   1.8590328e+00
   1.8590328e+00
   1.8590328e+00
   1.8590328e+00
   1.8590328e+00
   1.8590328e+00
   1.8590328e+00
   1.8590328e+00
   1.8590328e+00
   1.8590328e+00
   1.8590328e+00
   1.8590328e+00
   1.8590328e+00
   1.8590328e+00
   1.8590328e+00
   1.8590328e+00
  -1.3998039e+00
   2.0033488e+00
  -1.5089348e+00
  -1.2229141e+00
  -1.2229141e+00
  -1.2229141e+00
   3.2742393e+00
  -1.2229141e+00
  -1.2229141e+00
  -1.2229141e+00
  -1.2229141e+00
  -1.2229141e+00
  -1.2229141e+00
  -1.2229141e+00
  -1.2229141e+00
  -1.2229141e+00
   2.1126870e+00
  -1.2229141e+00
  -1.2229141e+00
  -1.2229141e+00
  -1.2229141e+00
  -1.2229141e+00
  -1.2229141e+00
   1.8590328e+00
   1.8590328e+00
   1.8590328e+00
   1.8590328e+00
   1.8590328e+00
   1.8590328e+00
   1.8590328e+00
   1.8590328e+00
   1.8590328e+00
   1.8590328e+00
   1.8590328e+00
   1.8590328e+00
   1.8590328e+00
   1.8590328e+00
   1.8590328e+00
   1.8590328e+00
   1.8590328e+00
  -1.3277820e+00
   2.5263307e+00
  -1.6026432e+00
  -1.7087612e+00
  -1.6718608e+00
  -1.6718608e+00
  -1.6718608e+00
  -1.6718608e+00
  -1.6718608e+00
  -1.6718608e+00
  -1.6718608e+00
  -1.6718608e+00
  -1.6718608e+00
  -1.6718608e+00
  -1.6718608e+00
  -1.6718608e+00
  -1.6718608e+00
  -1.6718608e+00
  -1.6718608e+00
  -1.6718608e+00
  -1.6718608e+00
  -1.6718608e+00
  -1.6718608e+00
  -1.6718608e+00
  -1.6718608e+00
  -1.6718608e+00
  -1.6718608e+00
  -1.6718608e+00
  -1.6718608e+00
  -1.6718608e+00
  -1.6718608e+00
  -1.6718608e+00
