   9.1861849e-02
   9.1861849e-02
   9.1861849e-02
   9.1861849e-02
   9.1861849e-02
   9.1861849e-02
   9.1861849e-02
   9.1861849e-02
   9.1861849e-02
   9.1861849e-02
   9.1861849e-02
   9.1861849e-02
   9.1861849e-02
   9.1861849e-02
   9.1861849e-02
   9.1861849e-02
   9.1861849e-02
   9.1861849e-02
   9.1861849e-02
   9.1861849e-02
   9.1861849e-02
   9.1861849e-02
   9.1861849e-02
   9.1861849e-02
   9.1861849e-02
   9.1861849e-02
   9.1861849e-02
   9.1861849e-02
   9.1861849e-02
   9.1861849e-02
   9.1861849e-02
   9.1861849e-02
   8.8858100e-02
   9.8346434e-02
   8.8619557e-02
  -3.8881249e-01
   5.9658243e-01
   1.7483585e-01
   1.2895772e-01
  -4.7899366e-01
   8.6630933e-01
   1.6274081e-01
   1.6274081e-01
  -3.6426918e-01
   8.8040172e-01
  -2.6463064e-01
   8.7738614e-01
   1.7615822e-01
  -1.9836294e-01
   8.5101265e-01
   1.5135372e-01
  -1.3218299e-01
   8.0614306e-01
   1.1360821e-01
   1.1676477e-01
   4.1393217e-01
  -3.9859321e+00
   9.1861849e-02
   9.1861849e-02
   9.1861849e-02
   9.1861849e-02
   9.1861849e-02
   9.1861849e-02
   9.1861849e-02
   9.1861849e-02
   9.1861849e-02
   9.1861849e-02
   9.1861849e-02
   9.1861849e-02
   9.1861849e-02
   9.1861849e-02
   9.1861849e-02
   9.1861849e-02
   9.1861849e-02
   9.1861849e-02
   9.1861849e-02
   9.1861849e-02
   9.1861849e-02
   9.1861849e-02
   9.1861849e-02
   9.1861849e-02
   9.1861849e-02
   9.1861849e-02
   9.1861849e-02
   9.1861849e-02
   9.1861849e-02
   9.1861849e-02
   9.1861849e-02
   9.1861849e-02
   9.1861849e-02
   9.1861849e-02
   9.1861849e-02
   9.1861849e-02
   9.1861849e-02
   9.1861849e-02
   9.1861849e-02
   9.1861849e-02
   9.1861849e-02
   9.1861849e-02
   9.1861849e-02
   9.1861849e-02
   9.1861849e-02
   9.1861849e-02
   9.1861849e-02
   9.1861849e-02
   9.1861849e-02
   8.8858100e-02
   9.8346434e-02
   8.8619557e-02
   9.1861849e-02
  -4.5542709e-01
   6.9118822e-01
   1.2895772e-01
  -4.7899366e-01
   8.6630933e-01
   1.6274081e-01
   1.6274081e-01
  -3.6426918e-01
   8.8040172e-01
  -2.6463064e-01
   8.7738614e-01
   1.7615822e-01
  -4.8663092e-01
   7.8261821e-01
   2.0634335e-01
  -1.3218299e-01
   8.0614306e-01
   1.1360821e-01
   1.1676477e-01
   4.1393217e-01
  -3.9859321e+00
   9.1861849e-02
   9.1861849e-02
   9.1861849e-02
   9.1861849e-02
   9.1861849e-02
   9.1861849e-02
   9.1861849e-02
   9.1861849e-02
   9.1861849e-02
   9.1861849e-02
   9.1861849e-02
   9.1861849e-02
   9.1861849e-02
   9.1861849e-02
   9.1861849e-02
  -4.5542709e-01
   6.9118822e-01
   1.2895772e-01
  -4.7899366e-01
   8.6630933e-01
   1.6274081e-01
  -3.6426918e-01
   8.8040172e-01
   1.7907516e-01
  -2.6463064e-01
   8.7738614e-01
   1.7615822e-01
  -4.8663092e-01
   7.8261821e-01
   2.0634335e-01
  -5.1828879e-01
   7.5058843e-01
   1.6851730e-01
   1.1676477e-01
   4.1393217e-01
  -3.9859321e+00
   9.1861849e-02
   9.1861849e-02
   9.1861849e-02
   9.1861849e-02
   9.1861849e-02
   9.1861849e-02
   9.1861849e-02
   9.1861849e-02
   9.1861849e-02
   9.1861849e-02
   9.1861849e-02
   9.1861849e-02
   9.1861849e-02
   9.1861849e-02
   9.1861849e-02
   9.1861849e-02
   9.1861849e-02
   9.1861849e-02
   9.1861849e-02
   9.1861849e-02
   9.1861849e-02
   9.1861849e-02
   9.1861849e-02
   9.1861849e-02
   9.1861849e-02
   9.1861849e-02
   9.1861849e-02
   9.1861849e-02
   9.1861849e-02
   9.1861849e-02
   9.1861849e-02
   9.1861849e-02
   9.1861849e-02
   9.1861849e-02
   9.1861849e-02
   9.1861849e-02
   9.1861849e-02
   9.1861849e-02
   9.1861849e-02
   9.1861849e-02
   9.1861849e-02
   9.1861849e-02
   9.1861849e-02
   9.1861849e-02
   9.1861849e-02
   9.1861849e-02
   9.1861849e-02
   9.1861849e-02
   9.1861849e-02
   9.1861849e-02
   9.1861849e-02
   9.1861849e-02
   9.1861849e-02
   9.1861849e-02
   9.1861849e-02
   9.1861849e-02
   9.1861849e-02
   9.1861849e-02
   9.1861849e-02
   9.1861849e-02
   9.1861849e-02
   9.1861849e-02
   9.1861849e-02
   9.1861849e-02
   9.1861849e-02
   9.1861849e-02
   9.1861849e-02
   9.1861849e-02
   9.1861849e-02
   9.1861849e-02
   9.1861849e-02
   9.1861849e-02
   9.1861849e-02
   9.1861849e-02
   9.1861849e-02
   9.1861849e-02
   9.1861849e-02
   9.1861849e-02
   9.1861849e-02
  -4.5542709e-01
   6.9118822e-01
   1.2895772e-01
  -4.7899366e-01
   8.6630933e-01
   1.6274081e-01
  -3.6426918e-01
   8.8040172e-01
   1.7907516e-01
  -2.6463064e-01
   8.7738614e-01
   1.7615822e-01
   1.7615822e-01
  -1.9651969e-01
   8.4462979e-01
   1.5454515e-01
   1.5454515e-01
  -1.3072671e-01
   7.9982993e-01
   4.1376127e-01
  -3.9794475e+00
   8.8619557e-02
   9.1861849e-02
   9.1861849e-02
   9.1861849e-02
   9.1861849e-02
   9.1861849e-02
   9.1861849e-02
   9.1861849e-02
   9.1861849e-02
   9.1861849e-02
   9.1861849e-02
   9.1861849e-02
   9.1861849e-02
   9.1861849e-02
   9.1861849e-02
  -3.8881249e-01
   5.9658243e-01
   1.7483585e-01
  -4.8516510e-01
   7.5917097e-01
   2.2029694e-01
  -3.6426918e-01
   8.8040172e-01
   1.7907516e-01
   1.7907516e-01
  -4.6984115e-01
   7.9596665e-01
   2.3383391e-01
   1.6267447e-01
  -4.2556023e-01
   7.8964016e-01
   1.5301091e-01
  -4.5648221e-01
   7.4492084e-01
   4.1376127e-01
  -3.9794475e+00
   8.8619557e-02
   9.1861849e-02
   9.1861849e-02
   9.1861849e-02
   9.1861849e-02
   9.1861849e-02
   9.1861849e-02
   9.1861849e-02
   9.1861849e-02
   9.1861849e-02
   9.1861849e-02
   9.1861849e-02
   9.1861849e-02
   9.1861849e-02
   9.1861849e-02
   9.1861849e-02
   9.1861849e-02
   9.1861849e-02
   9.1861849e-02
   9.1861849e-02
   9.1861849e-02
   9.1861849e-02
   9.1861849e-02
   9.1861849e-02
   9.1861849e-02
   9.1861849e-02
   9.1861849e-02
   9.1861849e-02
   9.1861849e-02
   9.1861849e-02
   9.1861849e-02
   9.1861849e-02
   9.1861849e-02
   9.1861849e-02
   9.1861849e-02
   9.1861849e-02
   9.1861849e-02
   9.1861849e-02
   9.1861849e-02
   9.1861849e-02
   9.1861849e-02
   9.1861849e-02
   9.1861849e-02
   9.1861849e-02
   9.1861849e-02
   9.1861849e-02
   9.1861849e-02
   9.1861849e-02
   9.1861849e-02
   9.1861849e-02
   9.1861849e-02
   9.1861849e-02
   9.1861849e-02
   9.1861849e-02
   9.1861849e-02
   9.1861849e-02
   9.1861849e-02
   9.1861849e-02
   9.1861849e-02
   9.1861849e-02
   9.1861849e-02
   8.8858100e-02
   9.8346434e-02
   8.8619557e-02
   4.5801847e-02
  -3.4151651e-01
   6.4531008e-01
   1.2895772e-01
  -4.7899366e-01
   8.6630933e-01
   1.6274081e-01
  -3.6426918e-01
   8.8040172e-01
   1.7907516e-01
  -2.6463064e-01
   8.7738614e-01
   1.7615822e-01
  -1.9836294e-01
   8.5101265e-01
   1.5135372e-01
  -1.3218299e-01
   8.0614306e-01
   1.1360821e-01
   1.1676477e-01
   4.1393217e-01
  -3.9859321e+00
   9.1861849e-02
   9.1861849e-02
   9.1861849e-02
   9.1861849e-02
   9.1861849e-02
   9.1861849e-02
   9.1861849e-02
   9.1861849e-02
   9.1861849e-02
   9.1861849e-02
   9.1861849e-02
   9.1861849e-02
   9.1861849e-02
   9.1861849e-02
   9.1861849e-02
  -4.5542709e-01
   6.9118822e-01
   1.2895772e-01
   8.1978754e-02
  -4.2571544e-01
   8.0875320e-01
  -3.6426918e-01
   8.8040172e-01
   1.7907516e-01
   1.7907516e-01
  -2.6463064e-01
   8.7738614e-01
   1.7615822e-01
   1.7615822e-01
  -1.9651969e-01
   8.4462979e-01
   1.5301091e-01
  -4.5648221e-01
   7.4492084e-01
   4.1376127e-01
  -3.9794475e+00
   8.8619557e-02
   9.1861849e-02
   9.1861849e-02
   9.1861849e-02
   9.1861849e-02
   9.1861849e-02
   9.1861849e-02
   9.1861849e-02
   9.1861849e-02
   9.1861849e-02
   9.1861849e-02
   9.1861849e-02
   9.1861849e-02
   9.1861849e-02
   9.1861849e-02
   9.1861849e-02
   9.1861849e-02
   9.1861849e-02
   9.1861849e-02
   9.1861849e-02
   9.1861849e-02
   9.1861849e-02
   9.1861849e-02
   9.1861849e-02
   9.1861849e-02
   9.1861849e-02
   9.1861849e-02
   9.1861849e-02
   9.1861849e-02
   9.1861849e-02
   9.1861849e-02
   9.1861849e-02
   9.1861849e-02
   9.1861849e-02
   9.1861849e-02
   9.1861849e-02
   9.1861849e-02
   9.1861849e-02
   9.1861849e-02
   9.1861849e-02
   9.1861849e-02
   9.1861849e-02
   9.1861849e-02
   9.1861849e-02
   9.1861849e-02
   9.1861849e-02
   9.1861849e-02
   9.1861849e-02
   9.1861849e-02
   9.1861849e-02
   9.1861849e-02
   9.1861849e-02
   9.1861849e-02
   9.1861849e-02
   9.1861849e-02
   9.1861849e-02
   9.1861849e-02
   9.1861849e-02
   9.1861849e-02
   9.1861849e-02
   9.1861849e-02
   9.1861849e-02
   9.1861849e-02
   9.1861849e-02
   9.1861849e-02
   9.1861849e-02
   9.1861849e-02
   9.1861849e-02
   9.1861849e-02
   9.1861849e-02
   9.1861849e-02
   9.1861849e-02
   9.1861849e-02
   9.1861849e-02
   9.1861849e-02
   9.1861849e-02
   9.1861849e-02
   9.1861849e-02
   9.1861849e-02
   9.1861849e-02
   9.1861849e-02
   9.1861849e-02
   9.1861849e-02
   9.1861849e-02
   9.1861849e-02
   9.1861849e-02
   9.1861849e-02
   9.1861849e-02
   9.1861849e-02
   9.1861849e-02
   9.1861849e-02
   9.1861849e-02
   9.1861849e-02
   9.1861849e-02
   9.1861849e-02
   9.1861849e-02
  -4.5542709e-01
   6.9118822e-01
   1.2895772e-01
  -4.7899366e-01
   8.6630933e-01
   1.6274081e-01
  -3.6426918e-01
   8.8040172e-01
   1.7907516e-01
  -2.6463064e-01
   8.7738614e-01
   1.7615822e-01
   1.7615822e-01
  -1.9651969e-01
   8.4462979e-01
   1.5454515e-01
  -5.1489354e-01
   7.4618186e-01
   1.7167386e-01
   3.7511644e+00
  -3.8001745e+00
  -2.4432672e-01
   9.1861849e-02
   9.1861849e-02
   9.1861849e-02
   9.1861849e-02
   9.1861849e-02
   9.1861849e-02
   9.1861849e-02
   9.1861849e-02
   9.1861849e-02
   9.1861849e-02
   9.1861849e-02
   9.1861849e-02
   9.1861849e-02
   9.1861849e-02
  -4.5542709e-01
   6.9118822e-01
   1.2895772e-01
   8.1978754e-02
  -4.2571544e-01
   8.0875320e-01
   1.6274081e-01
  -3.6426918e-01
   8.8040172e-01
   1.7907516e-01
  -2.6463064e-01
   8.7738614e-01
   1.7615822e-01
   1.7615822e-01
  -1.9651969e-01
   8.4462979e-01
  -1.3072671e-01
   7.9982993e-01
   1.1676477e-01
   1.1676477e-01
   4.1393217e-01
  -3.9859321e+00
   9.1861849e-02
   9.1861849e-02
   9.1861849e-02
   9.1861849e-02
   9.1861849e-02
   9.1861849e-02
   9.1861849e-02
   9.1861849e-02
   9.1861849e-02
   9.1861849e-02
   9.1861849e-02
   9.1861849e-02
   9.1861849e-02
   9.1861849e-02
   9.1861849e-02
   9.1861849e-02
   9.1861849e-02
   9.1861849e-02
   9.1861849e-02
   9.1861849e-02
   9.1861849e-02
   9.1861849e-02
   9.1861849e-02
   9.1861849e-02
   9.1861849e-02
   9.1861849e-02
   9.1861849e-02
   9.1861849e-02
   9.1861849e-02
   9.1861849e-02
   9.1861849e-02
   9.1861849e-02
   9.1861849e-02
   9.1861849e-02
   9.1861849e-02
   9.1861849e-02
   9.1861849e-02
   9.1861849e-02
   9.1861849e-02
   9.1861849e-02
   9.1861849e-02
   9.1861849e-02
   9.1861849e-02
   9.1861849e-02
   9.1861849e-02
   9.1861849e-02
   9.1861849e-02
   9.1861849e-02
   9.1861849e-02
   9.1861849e-02
   9.1861849e-02
   9.1861849e-02
   9.1861849e-02
   9.1861849e-02
   9.1861849e-02
   9.1861849e-02
   9.1861849e-02
   9.1861849e-02
   9.1861849e-02
   9.1861849e-02
   9.1861849e-02
   9.1861849e-02
   9.1861849e-02
   9.1861849e-02
   9.1861849e-02
   9.1861849e-02
   9.1861849e-02
   9.1861849e-02
   9.1861849e-02
   9.1861849e-02
   9.1861849e-02
   9.1861849e-02
   9.1861849e-02
   9.1861849e-02
   9.1861849e-02
   9.1861849e-02
   9.1861849e-02
   9.1861849e-02
   9.1861849e-02
   9.1861849e-02
   9.1861849e-02
   9.1861849e-02
   8.8858100e-02
   9.8346434e-02
   8.8619557e-02
   9.1861849e-02
  -4.5542709e-01
   6.9118822e-01
   1.2895772e-01
  -4.7899366e-01
   8.6630933e-01
   1.6274081e-01
  -3.6426918e-01
   8.8040172e-01
   1.7907516e-01
  -2.6463064e-01
   8.7738614e-01
   1.7615822e-01
  -4.8663092e-01
   7.8261821e-01
   2.0634335e-01
  -5.1828879e-01
   7.5058843e-01
   1.6851730e-01
   1.1676477e-01
   4.1393217e-01
  -3.9859321e+00
   9.1861849e-02
   9.1861849e-02
   9.1861849e-02
   9.1861849e-02
   9.1861849e-02
   9.1861849e-02
   9.1861849e-02
   9.1861849e-02
   9.1861849e-02
   9.1861849e-02
   9.1861849e-02
   9.1861849e-02
   9.1861849e-02
   9.1861849e-02
   9.1861849e-02
  -4.5542709e-01
   6.9118822e-01
   1.2895772e-01
  -4.7899366e-01
   8.6630933e-01
   1.6274081e-01
  -3.6426918e-01
   8.8040172e-01
   1.7907516e-01
   1.7907516e-01
  -2.6463064e-01
   8.7738614e-01
   1.7615822e-01
  -1.9651969e-01
   8.4462979e-01
   1.5454515e-01
  -1.3218299e-01
   8.0614306e-01
   1.1360821e-01
   3.7511644e+00
  -3.8001745e+00
  -2.4432672e-01
   9.1861849e-02
   9.1861849e-02
   9.1861849e-02
   9.1861849e-02
   9.1861849e-02
   9.1861849e-02
   9.1861849e-02
   9.1861849e-02
   9.1861849e-02
   9.1861849e-02
   9.1861849e-02
   9.1861849e-02
   9.1861849e-02
   9.1861849e-02
   9.1861849e-02
   9.1861849e-02
   9.1861849e-02
   9.1861849e-02
   9.1861849e-02
   9.1861849e-02
   9.1861849e-02
   9.1861849e-02
   9.1861849e-02
   9.1861849e-02
   9.1861849e-02
   9.1861849e-02
   9.1861849e-02
   9.1861849e-02
   9.1861849e-02
   9.1861849e-02
   9.1861849e-02
   9.1861849e-02
   9.1861849e-02
   9.1861849e-02
   9.1861849e-02
   9.1861849e-02
   9.1861849e-02
   9.1861849e-02
   9.1861849e-02
   9.1861849e-02
   9.1861849e-02
   9.1861849e-02
   9.1861849e-02
   9.1861849e-02
   9.1861849e-02
   9.1861849e-02
   9.1861849e-02
   9.1861849e-02
   9.1861849e-02
   9.1861849e-02
   9.1861849e-02
   9.1861849e-02
   9.1861849e-02
   9.1861849e-02
  -4.5542709e-01
   6.9118822e-01
   1.2895772e-01
  -4.7899366e-01
   8.6630933e-01
   1.6274081e-01
  -4.6714664e-01
   7.8624119e-01
   2.3634184e-01
   1.7907516e-01
  -2.6463064e-01
   8.7738614e-01
   1.7615822e-01
  -1.9651969e-01
   8.4462979e-01
   1.5454515e-01
  -1.3072671e-01
   7.9982993e-01
   1.1676477e-01
   4.1376127e-01
  -3.9794475e+00
   8.8619557e-02
   9.1861849e-02
   9.1861849e-02
   9.1861849e-02
   9.1861849e-02
   9.1861849e-02
   9.1861849e-02
   9.1861849e-02
   9.1861849e-02
   9.1861849e-02
   9.1861849e-02
   9.1861849e-02
   8.8858100e-02
   9.8346434e-02
   8.8619557e-02
   9.1861849e-02
  -4.5542709e-01
   6.9118822e-01
   1.2895772e-01
  -4.7899366e-01
   8.6630933e-01
   1.6274081e-01
   1.6274081e-01
  -3.6426918e-01
   8.8040172e-01
   1.7907516e-01
  -2.6463064e-01
   8.7738614e-01
  -4.8663092e-01
   7.8261821e-01
   2.0634335e-01
  -1.3218299e-01
   8.0614306e-01
   1.1360821e-01
   4.1376127e-01
  -3.9794475e+00
   8.8619557e-02
   9.1861849e-02
   9.1861849e-02
   9.1861849e-02
   9.1861849e-02
   9.1861849e-02
   9.1861849e-02
   9.1861849e-02
   9.1861849e-02
   9.1861849e-02
   9.1861849e-02
   9.1861849e-02
   9.1861849e-02
   9.1861849e-02
   9.1861849e-02
   9.1861849e-02
   9.1861849e-02
   9.1861849e-02
   9.1861849e-02
   9.1861849e-02
   9.1861849e-02
   9.1861849e-02
   9.1861849e-02
   9.1861849e-02
   9.1861849e-02
   9.1861849e-02
   9.1861849e-02
   9.1861849e-02
   9.1861849e-02
   9.1861849e-02
   9.1861849e-02
   9.1861849e-02
   9.1861849e-02
   9.1861849e-02
   9.1861849e-02
   9.1861849e-02
   9.1861849e-02
   9.1861849e-02
   9.1861849e-02
   9.1861849e-02
   9.1861849e-02
   9.1861849e-02
   9.1861849e-02
   9.1861849e-02
   9.1861849e-02
   9.1861849e-02
   9.1861849e-02
   9.1861849e-02
   9.1861849e-02
   9.1861849e-02
   9.1861849e-02
   9.1861849e-02
   9.1861849e-02
   9.1861849e-02
   9.1861849e-02
   9.1861849e-02
   9.1861849e-02
   9.1861849e-02
   9.1861849e-02
   9.1861849e-02
   8.8858100e-02
   9.8346434e-02
   8.8619557e-02
   9.1861849e-02
  -4.5542709e-01
   6.9118822e-01
   1.2895772e-01
  -4.8516510e-01
   7.5917097e-01
   2.2029694e-01
  -4.6714664e-01
   7.8624119e-01
   2.3634184e-01
   1.7907516e-01
  -2.6463064e-01
   8.7738614e-01
  -4.8663092e-01
   7.8261821e-01
   2.0634335e-01
  -1.3218299e-01
   8.0614306e-01
   1.1360821e-01
   4.1376127e-01
  -3.9794475e+00
   8.8619557e-02
   9.1861849e-02
   9.1861849e-02
   9.1861849e-02
   9.1861849e-02
   9.1861849e-02
   9.1861849e-02
   9.1861849e-02
   9.1861849e-02
   9.1861849e-02
   9.1861849e-02
   9.1861849e-02
   9.1861849e-02
   9.1861849e-02
   9.1861849e-02
   9.1861849e-02
   9.1861849e-02
  -4.5542709e-01
   6.9118822e-01
   1.2895772e-01
   1.2895772e-01
  -4.7899366e-01
   8.6630933e-01
  -3.6426918e-01
   8.8040172e-01
   1.7907516e-01
  -4.6984115e-01
   7.9596665e-01
   2.3383391e-01
  -1.9836294e-01
   8.5101265e-01
   1.5135372e-01
   1.5454515e-01
  -1.3072671e-01
   7.9982993e-01
   1.1676477e-01
   4.1393217e-01
  -3.9859321e+00
   9.1861849e-02
   9.1861849e-02
   9.1861849e-02
   9.1861849e-02
   9.1861849e-02
   9.1861849e-02
   9.1861849e-02
   9.1861849e-02
   9.1861849e-02
   9.1861849e-02
   9.1861849e-02
   9.1861849e-02
   9.1861849e-02
   9.1861849e-02
   9.1861849e-02
   9.1861849e-02
   9.1861849e-02
   9.1861849e-02
   9.1861849e-02
   9.1861849e-02
   9.1861849e-02
   9.1861849e-02
   9.1861849e-02
   9.1861849e-02
   9.1861849e-02
   9.1861849e-02
   9.1861849e-02
   9.1861849e-02
   9.1861849e-02
   9.1861849e-02
   9.1861849e-02
   9.1861849e-02
   9.1861849e-02
   9.1861849e-02
   9.1861849e-02
   9.1861849e-02
   9.1861849e-02
   9.1861849e-02
   9.1861849e-02
   9.1861849e-02
   9.1861849e-02
   9.1861849e-02
   9.1861849e-02
   9.1861849e-02
   9.1861849e-02
   9.1861849e-02
   9.1861849e-02
   9.1861849e-02
   9.1861849e-02
   9.1861849e-02
   9.1861849e-02
   9.1861849e-02
   9.1861849e-02
   9.1861849e-02
   9.1861849e-02
   9.1861849e-02
   9.1861849e-02
   9.1861849e-02
   9.1861849e-02
   9.1861849e-02
   9.1861849e-02
   9.1861849e-02
   9.1861849e-02
   9.1861849e-02
   9.1861849e-02
   9.1861849e-02
   9.1861849e-02
   9.1861849e-02
   9.1861849e-02
   9.1861849e-02
   9.1861849e-02
   9.1861849e-02
   9.1861849e-02
   9.1861849e-02
   9.1861849e-02
   9.1861849e-02
   9.1861849e-02
   9.1861849e-02
   9.1861849e-02
  -4.5542709e-01
   6.9118822e-01
   1.2895772e-01
   1.2895772e-01
  -4.7899366e-01
   8.6630933e-01
  -3.6426918e-01
   8.8040172e-01
   1.7907516e-01
   1.7907516e-01
  -2.6463064e-01
   8.7738614e-01
   1.7615822e-01
  -1.9651969e-01
   8.4462979e-01
   1.5454515e-01
   1.5301091e-01
  -4.5648221e-01
   7.4492084e-01
   3.7511644e+00
  -3.8001745e+00
  -2.4432672e-01
   9.1861849e-02
   9.1861849e-02
   9.1861849e-02
   9.1861849e-02
   9.1861849e-02
   9.1861849e-02
   9.1861849e-02
   9.1861849e-02
   9.1861849e-02
   9.1861849e-02
   9.1861849e-02
   9.1861849e-02
   9.1861849e-02
   9.1861849e-02
  -4.5542709e-01
   6.9118822e-01
   1.2895772e-01
  -4.7899366e-01
   8.6630933e-01
   1.6274081e-01
  -3.6426918e-01
   8.8040172e-01
   1.7907516e-01
  -2.6463064e-01
   8.7738614e-01
   1.7615822e-01
  -1.9651969e-01
   8.4462979e-01
   1.5454515e-01
   1.5454515e-01
  -1.3072671e-01
   7.9982993e-01
   1.1676477e-01
   4.1393217e-01
  -3.9859321e+00
   9.1861849e-02
   9.1861849e-02
   9.1861849e-02
   9.1861849e-02
   9.1861849e-02
   9.1861849e-02
   9.1861849e-02
   9.1861849e-02
   9.1861849e-02
   9.1861849e-02
   9.1861849e-02
   9.1861849e-02
   9.1861849e-02
   9.1861849e-02
   9.1861849e-02
   9.1861849e-02
   9.1861849e-02
   9.1861849e-02
   9.1861849e-02
   9.1861849e-02
   9.1861849e-02
   9.1861849e-02
   9.1861849e-02
   9.1861849e-02
   9.1861849e-02
   9.1861849e-02
   9.1861849e-02
   9.1861849e-02
   9.1861849e-02
   9.1861849e-02
   9.1861849e-02
   9.1861849e-02
   9.1861849e-02
   9.1861849e-02
   9.1861849e-02
   9.1861849e-02
   9.1861849e-02
   9.1861849e-02
   9.1861849e-02
   9.1861849e-02
   9.1861849e-02
   9.1861849e-02
   9.1861849e-02
   9.1861849e-02
   9.1861849e-02
   9.1861849e-02
   9.1861849e-02
   9.1861849e-02
   9.1861849e-02
   9.1861849e-02
   9.1861849e-02
   9.1861849e-02
   9.1861849e-02
   9.1861849e-02
   9.1861849e-02
   9.1861849e-02
   9.1861849e-02
   9.1861849e-02
   9.1861849e-02
   9.1861849e-02
   9.1861849e-02
   9.1861849e-02
   9.1861849e-02
   9.1861849e-02
   9.1861849e-02
   9.1861849e-02
   9.1861849e-02
   9.1861849e-02
   9.1861849e-02
   9.1861849e-02
   9.1861849e-02
   9.1861849e-02
   9.1861849e-02
   9.1861849e-02
   9.1861849e-02
   9.1861849e-02
   9.1861849e-02
   9.1861849e-02
   9.1861849e-02
   9.1861849e-02
   9.1861849e-02
   9.1861849e-02
   9.1861849e-02
   9.1861849e-02
   9.1861849e-02
   9.1861849e-02
   9.1861849e-02
   9.1861849e-02
   9.1861849e-02
   9.1861849e-02
   9.1861849e-02
   9.1861849e-02
   9.1861849e-02
   9.1861849e-02
   9.1861849e-02
   9.1861849e-02
   9.1861849e-02
   9.1861849e-02
   9.1861849e-02
   9.1861849e-02
   9.1861849e-02
   9.1861849e-02
   9.1861849e-02
   9.1861849e-02
   9.1861849e-02
   9.1861849e-02
   9.1861849e-02
   9.1861849e-02
   9.1861849e-02
   9.1861849e-02
   9.1861849e-02
   9.1861849e-02
   9.1861849e-02
   9.1861849e-02
   9.1861849e-02
   9.1861849e-02
   9.1861849e-02
   9.1861849e-02
   9.1861849e-02
   9.1861849e-02
   9.1861849e-02
   9.1861849e-02
   9.1861849e-02
   9.1861849e-02
   9.1861849e-02
   9.1861849e-02
   9.1861849e-02
   9.1861849e-02
   9.1861849e-02
   9.1861849e-02
   9.1861849e-02
   9.1861849e-02
   8.8858100e-02
   9.8346434e-02
   8.8619557e-02
   9.1861849e-02
  -4.5542709e-01
   6.9118822e-01
   1.2895772e-01
  -4.7899366e-01
   8.6630933e-01
   1.6274081e-01
  -4.6714664e-01
   7.8624119e-01
   2.3634184e-01
  -2.6463064e-01
   8.7738614e-01
   1.7615822e-01
  -1.9836294e-01
   8.5101265e-01
   1.5135372e-01
  -5.1828879e-01
   7.5058843e-01
   1.6851730e-01
   1.1676477e-01
   4.1393217e-01
  -3.9859321e+00
   9.1861849e-02
   9.1861849e-02
   9.1861849e-02
   9.1861849e-02
   9.1861849e-02
   9.1861849e-02
   9.1861849e-02
   9.1861849e-02
   9.1861849e-02
   9.1861849e-02
   9.1861849e-02
   9.1861849e-02
   9.1861849e-02
   9.1861849e-02
  -4.5542709e-01
   6.9118822e-01
   1.2895772e-01
  -4.7899366e-01
   8.6630933e-01
   1.6274081e-01
   1.6274081e-01
   1.6274081e-01
   1.6274081e-01
   1.6274081e-01
   1.6274081e-01
   1.6274081e-01
   1.6274081e-01
   1.6274081e-01
   1.6274081e-01
   1.6274081e-01
   1.6274081e-01
   1.6274081e-01
   1.6274081e-01
   1.6274081e-01
   1.6274081e-01
   1.6274081e-01
   1.6274081e-01
   1.6274081e-01
   1.6274081e-01
   1.6274081e-01
   1.6274081e-01
   1.6274081e-01
   1.6274081e-01
   1.6274081e-01
   1.6274081e-01
   1.6274081e-01
   1.6274081e-01
   1.6274081e-01
   1.6274081e-01
   1.6274081e-01
   1.6274081e-01
   1.6274081e-01
   1.6274081e-01
   1.6274081e-01
   1.6274081e-01
   1.6274081e-01
   1.6274081e-01
   1.6274081e-01
   1.6274081e-01
   1.6274081e-01
   1.6274081e-01
   1.6274081e-01
   1.6274081e-01
   1.6274081e-01
   1.6274081e-01
   1.6274081e-01
   1.6274081e-01
   1.6274081e-01
   1.6274081e-01
   1.6274081e-01
   1.6274081e-01
   1.6274081e-01
   1.6274081e-01
   1.6274081e-01
   1.6274081e-01
   1.6274081e-01
   1.6274081e-01
   1.6274081e-01
   1.6274081e-01
   1.6274081e-01
   1.6274081e-01
   1.6274081e-01
   1.6274081e-01
   1.6274081e-01
   1.6274081e-01
   1.6274081e-01
   1.6274081e-01
   1.6274081e-01
   1.6274081e-01
   1.6274081e-01
   1.6274081e-01
   1.6274081e-01
   1.6274081e-01
   1.6274081e-01
   1.6274081e-01
   1.6274081e-01
   1.6274081e-01
   1.6274081e-01
   1.6274081e-01
   1.6274081e-01
   1.6274081e-01
   1.6274081e-01
   1.6274081e-01
   1.6274081e-01
   1.6274081e-01
   1.6274081e-01
   1.6274081e-01
   1.6274081e-01
   1.6274081e-01
   1.6274081e-01
   1.6274081e-01
   1.6274081e-01
   1.6274081e-01
   1.6274081e-01
   1.6274081e-01
   1.6274081e-01
   1.6274081e-01
   1.6274081e-01
   1.6274081e-01
   1.6274081e-01
   1.6274081e-01
   1.6274081e-01
   1.6274081e-01
   1.6274081e-01
   1.6274081e-01
   1.6274081e-01
   1.6274081e-01
   1.6274081e-01
   1.6274081e-01
   1.6274081e-01
   1.6274081e-01
   1.6274081e-01
   1.6274081e-01
   1.6274081e-01
   1.6274081e-01
   1.6274081e-01
   9.9499210e-01
  -1.1720727e+00
   9.1861849e-02
  -4.5542709e-01
   6.9118822e-01
   1.2895772e-01
  -4.8516510e-01
   7.5917097e-01
   2.2029694e-01
  -3.6426918e-01
   8.8040172e-01
   1.7907516e-01
  -2.6463064e-01
   8.7738614e-01
   1.7615822e-01
  -4.8663092e-01
   7.8261821e-01
   2.0634335e-01
   1.5454515e-01
  -1.3072671e-01
   7.9982993e-01
   1.1676477e-01
   4.1393217e-01
  -3.9859321e+00
   9.1861849e-02
   9.1861849e-02
   9.1861849e-02
   9.1861849e-02
   9.1861849e-02
   9.1861849e-02
   9.1861849e-02
   9.1861849e-02
   9.1861849e-02
   9.1861849e-02
   9.1861849e-02
   9.1861849e-02
   9.1861849e-02
   9.1861849e-02
   9.1861849e-02
  -4.5542709e-01
   6.9118822e-01
   1.2895772e-01
  -4.7899366e-01
   8.6630933e-01
   1.6274081e-01
   1.2718518e-01
  -4.0771803e-01
   8.2313503e-01
  -2.6463064e-01
   8.7738614e-01
   1.7615822e-01
  -4.8663092e-01
   7.8261821e-01
   2.0634335e-01
   1.5454515e-01
  -1.3072671e-01
   7.9982993e-01
   1.1676477e-01
   4.1393217e-01
  -3.9859321e+00
   9.1861849e-02
   9.1861849e-02
   9.1861849e-02
   9.1861849e-02
   9.1861849e-02
   9.1861849e-02
   9.1861849e-02
   9.1861849e-02
   9.1861849e-02
   9.1861849e-02
   9.1861849e-02
   9.1861849e-02
   9.1861849e-02
   9.1861849e-02
   9.1861849e-02
   9.1861849e-02
   9.1861849e-02
   9.1861849e-02
   9.1861849e-02
   9.1861849e-02
   9.1861849e-02
   9.1861849e-02
   9.1861849e-02
   9.1861849e-02
   9.1861849e-02
   9.1861849e-02
   9.1861849e-02
   9.1861849e-02
   9.1861849e-02
   9.1861849e-02
   9.1861849e-02
   9.1861849e-02
   9.1861849e-02
   9.1861849e-02
   9.1861849e-02
   9.1861849e-02
   9.1861849e-02
   9.1861849e-02
   9.1861849e-02
   9.1861849e-02
   9.1861849e-02
   9.1861849e-02
   9.1861849e-02
   9.1861849e-02
   9.1861849e-02
   9.1861849e-02
   9.1861849e-02
   9.1861849e-02
   9.1861849e-02
   9.1861849e-02
   9.1861849e-02
   9.1861849e-02
   9.1861849e-02
   9.1861849e-02
   9.1861849e-02
   9.1861849e-02
   9.1861849e-02
   9.1861849e-02
   9.1861849e-02
   9.1861849e-02
   9.1861849e-02
   9.1861849e-02
  -4.5542709e-01
   6.9118822e-01
   1.2895772e-01
  -4.7899366e-01
   8.6630933e-01
   1.6274081e-01
  -3.6426918e-01
   8.8040172e-01
   1.7907516e-01
  -2.6463064e-01
   8.7738614e-01
   1.7615822e-01
   1.6267447e-01
  -4.2556023e-01
   7.8964016e-01
   1.5454515e-01
  -1.3072671e-01
   7.9982993e-01
   1.1676477e-01
  -1.6819809e-02
   3.5037632e+00
  -3.6529858e+00
   9.1861849e-02
   9.1861849e-02
   9.1861849e-02
   9.1861849e-02
   9.1861849e-02
   9.1861849e-02
   9.1861849e-02
   9.1861849e-02
   9.1861849e-02
   9.1861849e-02
   9.1861849e-02
   9.1861849e-02
   9.1861849e-02
   9.1861849e-02
   9.1861849e-02
  -4.5542709e-01
   6.9118822e-01
   1.2895772e-01
  -4.7899366e-01
   8.6630933e-01
   1.6274081e-01
  -3.6426918e-01
   8.8040172e-01
   1.7907516e-01
   1.7907516e-01
  -2.6463064e-01
   8.7738614e-01
   1.7615822e-01
  -1.9651969e-01
   8.4462979e-01
   1.5454515e-01
  -1.3218299e-01
   8.0614306e-01
   1.1360821e-01
   4.1376127e-01
  -3.9794475e+00
   8.8619557e-02
   9.1861849e-02
   9.1861849e-02
   9.1861849e-02
   9.1861849e-02
   9.1861849e-02
   9.1861849e-02
   9.1861849e-02
   9.1861849e-02
   9.1861849e-02
   9.1861849e-02
   9.1861849e-02
   9.1861849e-02
   9.1861849e-02
   9.1861849e-02
   9.1861849e-02
   9.1861849e-02
   9.1861849e-02
   9.1861849e-02
   9.1861849e-02
   9.1861849e-02
   9.1861849e-02
   9.1861849e-02
   9.1861849e-02
   9.1861849e-02
   9.1861849e-02
   9.1861849e-02
   9.1861849e-02
   9.1861849e-02
   9.1861849e-02
   9.1861849e-02
   9.1861849e-02
   9.1861849e-02
   9.1861849e-02
   9.1861849e-02
   9.1861849e-02
   9.1861849e-02
   9.1861849e-02
   9.1861849e-02
   9.1861849e-02
   9.1861849e-02
   9.1861849e-02
   9.1861849e-02
   9.1861849e-02
   9.1861849e-02
   9.1861849e-02
   9.1861849e-02
   9.1861849e-02
   9.1861849e-02
   9.1861849e-02
   9.1861849e-02
   9.1861849e-02
   9.1861849e-02
   8.8858100e-02
   9.8346434e-02
   8.8619557e-02
   4.5801847e-02
  -3.4151651e-01
   6.4531008e-01
   8.1978754e-02
  -4.2571544e-01
   8.0875320e-01
   1.6274081e-01
  -3.6426918e-01
   8.8040172e-01
   1.7907516e-01
   1.7907516e-01
  -2.6463064e-01
   8.7738614e-01
  -1.9651969e-01
   8.4462979e-01
   1.5454515e-01
   1.5301091e-01
  -4.5648221e-01
   7.4492084e-01
   1.1676477e-01
   4.1393217e-01
  -3.9859321e+00
   9.1861849e-02
   9.1861849e-02
   9.1861849e-02
   9.1861849e-02
   9.1861849e-02
   9.1861849e-02
   9.1861849e-02
   9.1861849e-02
   9.1861849e-02
   9.1861849e-02
   9.1861849e-02
   9.1861849e-02
   9.1861849e-02
   9.1861849e-02
   9.1861849e-02
   9.1861849e-02
  -4.5542709e-01
   6.9118822e-01
   1.2895772e-01
  -4.8516510e-01
   7.5917097e-01
   2.2029694e-01
  -4.6714664e-01
   7.8624119e-01
   2.3634184e-01
   1.7907516e-01
  -2.6463064e-01
   8.7738614e-01
   1.7615822e-01
  -1.9651969e-01
   8.4462979e-01
   1.5454515e-01
  -1.3218299e-01
   8.0614306e-01
   1.1360821e-01
  -1.6819809e-02
   3.5037632e+00
  -3.6529858e+00
   9.1861849e-02
   9.1861849e-02
   9.1861849e-02
   9.1861849e-02
   9.1861849e-02
   9.1861849e-02
   9.1861849e-02
   9.1861849e-02
   9.1861849e-02
   9.1861849e-02
   9.1861849e-02
   9.1861849e-02
   9.1861849e-02
   9.1861849e-02
   9.1861849e-02
   9.1861849e-02
   9.1861849e-02
   9.1861849e-02
   9.1861849e-02
   9.1861849e-02
   9.1861849e-02
   9.1861849e-02
   9.1861849e-02
   9.1861849e-02
   9.1861849e-02
   9.1861849e-02
   9.1861849e-02
   9.1861849e-02
   9.1861849e-02
   9.1861849e-02
   9.1861849e-02
   9.1861849e-02
   9.1861849e-02
   9.1861849e-02
   9.1861849e-02
   9.1861849e-02
   9.1861849e-02
   9.1861849e-02
   9.1861849e-02
   9.1861849e-02
   9.1861849e-02
   9.1861849e-02
   9.1861849e-02
   9.1861849e-02
   9.1861849e-02
   9.1861849e-02
   9.1861849e-02
   9.1861849e-02
   9.1861849e-02
   9.1861849e-02
   9.1861849e-02
   9.1861849e-02
   9.1861849e-02
   9.1861849e-02
   9.1861849e-02
   9.1861849e-02
   9.1861849e-02
   9.1861849e-02
   9.1861849e-02
   9.1861849e-02
   9.1861849e-02
   9.1861849e-02
   9.1861849e-02
   9.1861849e-02
   9.1861849e-02
   9.1861849e-02
   9.1861849e-02
   9.1861849e-02
   9.1861849e-02
   9.1861849e-02
   9.1861849e-02
  -4.5542709e-01
   6.9118822e-01
   1.2895772e-01
  -4.7899366e-01
   8.6630933e-01
   1.6274081e-01
  -3.6426918e-01
   8.8040172e-01
   1.7907516e-01
   1.7907516e-01
  -2.6463064e-01
   8.7738614e-01
   1.7615822e-01
  -1.9651969e-01
   8.4462979e-01
   1.5454515e-01
  -1.3218299e-01
   8.0614306e-01
   1.1360821e-01
  -1.6819809e-02
   3.5037632e+00
  -3.6529858e+00
   9.1861849e-02
   9.1861849e-02
   9.1861849e-02
   9.1861849e-02
   9.1861849e-02
   9.1861849e-02
   9.1861849e-02
   9.1861849e-02
   9.1861849e-02
   9.1861849e-02
   9.1861849e-02
   9.1861849e-02
   9.1861849e-02
   9.1861849e-02
   9.1861849e-02
   4.5801847e-02
  -3.4151651e-01
   6.4531008e-01
   1.2895772e-01
  -4.7899366e-01
   8.6630933e-01
   1.6274081e-01
  -3.6426918e-01
   8.8040172e-01
   1.7907516e-01
  -2.6463064e-01
   8.7738614e-01
   1.7615822e-01
  -1.9836294e-01
   8.5101265e-01
   1.5135372e-01
   1.5454515e-01
  -1.3072671e-01
   7.9982993e-01
   1.1676477e-01
   4.1393217e-01
  -3.9859321e+00
   9.1861849e-02
   9.1861849e-02
   9.1861849e-02
   9.1861849e-02
   9.1861849e-02
   9.1861849e-02
   9.1861849e-02
   9.1861849e-02
   9.1861849e-02
   9.1861849e-02
   9.1861849e-02
   9.1861849e-02
   9.1861849e-02
   9.1861849e-02
   9.1861849e-02
   9.1861849e-02
   9.1861849e-02
   9.1861849e-02
   9.1861849e-02
   9.1861849e-02
   9.1861849e-02
   9.1861849e-02
   9.1861849e-02
   9.1861849e-02
   9.1861849e-02
   9.1861849e-02
   9.1861849e-02
   9.1861849e-02
   9.1861849e-02
   9.1861849e-02
   9.1861849e-02
   9.1861849e-02
   9.1861849e-02
   9.1861849e-02
   9.1861849e-02
   9.1861849e-02
   9.1861849e-02
   9.1861849e-02
   9.1861849e-02
   9.1861849e-02
   9.1861849e-02
   9.1861849e-02
   9.1861849e-02
   9.1861849e-02
   9.1861849e-02
   9.1861849e-02
   9.1861849e-02
   9.1861849e-02
   9.1861849e-02
   9.1861849e-02
   9.1861849e-02
   9.1861849e-02
   9.1861849e-02
   9.1861849e-02
   9.1861849e-02
   9.1861849e-02
   9.1861849e-02
   9.1861849e-02
   9.1861849e-02
   9.1861849e-02
   9.1861849e-02
   8.8858100e-02
   9.8346434e-02
   8.8619557e-02
   9.1861849e-02
  -4.5542709e-01
   6.9118822e-01
   1.2895772e-01
  -4.7899366e-01
   8.6630933e-01
   1.6274081e-01
   1.2718518e-01
  -4.0771803e-01
   8.2313503e-01
   1.5519230e-01
  -4.0971832e-01
   8.1971045e-01
   1.6267447e-01
  -4.2556023e-01
   7.8964016e-01
   1.5454515e-01
  -1.3072671e-01
   7.9982993e-01
   1.1676477e-01
   4.1393217e-01
  -3.9859321e+00
   9.1861849e-02
   9.1861849e-02
   9.1861849e-02
   9.1861849e-02
   9.1861849e-02
   9.1861849e-02
   9.1861849e-02
   9.1861849e-02
   9.1861849e-02
   9.1861849e-02
   9.1861849e-02
   9.1861849e-02
   8.8858100e-02
   9.8346434e-02
   8.8619557e-02
  -3.8881249e-01
   5.9658243e-01
   1.7483585e-01
  -4.8516510e-01
   7.5917097e-01
   2.2029694e-01
   1.6274081e-01
   1.2718518e-01
  -4.0771803e-01
   8.2313503e-01
  -2.6463064e-01
   8.7738614e-01
   1.7615822e-01
  -4.8663092e-01
   7.8261821e-01
   2.0634335e-01
  -1.3218299e-01
   8.0614306e-01
   1.1360821e-01
   1.1676477e-01
   4.1393217e-01
  -3.9859321e+00
   9.1861849e-02
   9.1861849e-02
   9.1861849e-02
   9.1861849e-02
   9.1861849e-02
   9.1861849e-02
   9.1861849e-02
   9.1861849e-02
   9.1861849e-02
   9.1861849e-02
   9.1861849e-02
   9.1861849e-02
   9.1861849e-02
   9.1861849e-02
   9.1861849e-02
   9.1861849e-02
   9.1861849e-02
   9.1861849e-02
   9.1861849e-02
   9.1861849e-02
   9.1861849e-02
   9.1861849e-02
   9.1861849e-02
   9.1861849e-02
   9.1861849e-02
   9.1861849e-02
   9.1861849e-02
   9.1861849e-02
   9.1861849e-02
   9.1861849e-02
   9.1861849e-02
   9.1861849e-02
   9.1861849e-02
   9.1861849e-02
   9.1861849e-02
   9.1861849e-02
   9.1861849e-02
   9.1861849e-02
   9.1861849e-02
   9.1861849e-02
   9.1861849e-02
   9.1861849e-02
   9.1861849e-02
   9.1861849e-02
   9.1861849e-02
   9.1861849e-02
   9.1861849e-02
   9.1861849e-02
   9.1861849e-02
   9.1861849e-02
   9.1861849e-02
   9.1861849e-02
   9.1861849e-02
   9.1861849e-02
   9.1861849e-02
   9.1861849e-02
   9.1861849e-02
   9.1861849e-02
   9.1861849e-02
   9.1861849e-02
   9.1861849e-02
   9.1861849e-02
   9.1861849e-02
   9.1861849e-02
   9.1861849e-02
   9.1861849e-02
   9.1861849e-02
   9.1861849e-02
   9.1861849e-02
   9.1861849e-02
   9.1861849e-02
   9.1861849e-02
   9.1861849e-02
   9.1861849e-02
   9.1861849e-02
   9.1861849e-02
   9.1861849e-02
   9.1861849e-02
   9.1861849e-02
   9.1861849e-02
   9.1861849e-02
   9.1861849e-02
   9.1861849e-02
   9.1861849e-02
   9.1861849e-02
   9.1861849e-02
   9.1861849e-02
   9.1861849e-02
   9.1861849e-02
   9.1861849e-02
   9.1861849e-02
   9.1861849e-02
   9.1861849e-02
   9.1861849e-02
   9.1861849e-02
   9.1861849e-02
   9.1861849e-02
   9.1861849e-02
   9.1861849e-02
   9.1861849e-02
   9.1861849e-02
   9.1861849e-02
   9.1861849e-02
   9.1861849e-02
   9.1861849e-02
   9.1861849e-02
   9.1861849e-02
   9.1861849e-02
   9.1861849e-02
   9.1861849e-02
   9.1861849e-02
   9.1861849e-02
   9.1861849e-02
   9.1861849e-02
   9.1861849e-02
   9.1861849e-02
   9.1861849e-02
   9.1861849e-02
   9.1861849e-02
   9.1861849e-02
